3.77066
3.77076
3.76981
3.77068
3.76711
3.76809
3.7701
3.76802
3.77072
3.77047
3.77093
3.77059
3.7693
3.77093
3.77091
3.76958
3.76401
3.77031
3.7706
3.7706
3.76619
3.77056
3.77034
3.77019
3.77091
3.77091
3.77046
3.76937
3.77067
3.77018
3.77063
3.76921
3.77091
3.76858
3.7691
3.77081
3.76922
3.76971
3.77064
3.77093
3.76924
3.77092
3.77068
3.77091
3.76826
3.77039
3.76851
3.77091
3.76935
3.77078
3.77066
3.77026
3.77015
3.77085
3.76889
3.77082
3.77085
3.77026
3.77082
3.77074
3.77029
3.77079
3.77086
3.77091
3.77084
3.77085
3.77055
3.77077
3.77091
3.77087
3.76901
3.77048
3.77076
3.77073
3.7702
3.76982
3.77067
3.76503
3.77066
3.76761
3.76675
3.76877
3.77087
3.77028
3.77092
3.76589
3.77086
3.76991
3.76999
3.77074
3.77093
3.7702
3.77078
3.77042
3.77088
3.76817
3.7708
3.77087
3.76671
3.77024
3.7707
3.76973
3.77081
3.76996
3.76619
3.77011
3.77002
3.77039
3.77012
3.77054
3.77091
3.76661
3.7709
3.77027
3.77079
3.77074
3.77084
3.76785
3.77051
3.76957
3.77005
3.77091
3.76876
3.77086
3.77088
3.77034
3.77073
3.77094
3.76991
3.77085
3.76991
3.77078
3.77064
3.77075
3.77092
3.77091
3.77094
3.77036
3.76416
3.76417
3.77028
3.77079
3.77034
3.77062
3.76935
3.77089
3.77036
3.7709
3.77089
3.77003
3.76952
3.77093
3.77083
3.77075
3.77023
3.77084
3.76972
3.77077
3.77065
3.77076
3.77032
3.77083
3.76637
3.77094
3.77072
3.77023
3.77024
3.76983
3.77093
3.7702
3.77005
3.76981
3.76706
3.77092
3.77086
3.77042
3.77012
3.77093
3.7708
3.77002
3.77067
3.77088
3.77086
3.77092
3.77092
3.76551
3.77089
3.76401
3.76951
3.77088
3.77094
3.76917
3.76947
3.77084
3.76696
3.7709
3.77022
3.77066
3.77087
3.77089
3.77054
3.76962
3.77087
3.76592
3.76731
3.76951
3.77059
3.77087
3.77094
3.77092
3.77094
3.76813
3.77091
3.77086
3.7703
3.76996
3.77042
3.77059
3.77049
3.77093
3.76861
3.77093
3.77076
3.77088
3.76985
3.7708
3.77089
3.76961
3.77093
3.77093
3.77043
3.77091
3.77092
3.77073
3.77091
3.76945
3.77091
3.77093
3.77083
3.77085
3.76447
3.76881
3.77083
3.77094
3.7688
3.77091
3.77067
3.77077
3.77018
3.77085
3.76652
3.76928
3.77092
3.7709
3.77038
3.77051
3.76877
3.7709
3.76887
3.77076
3.77046
3.7692
3.77094
3.77058
3.77041
3.76845
3.76973
3.77053
3.77054
3.77056
3.77085
3.77055
3.77022
3.77078
3.76692
3.77048
3.77086
3.76914
3.76956
3.77067
3.7709
3.7709
3.77078
3.77094
3.76871
3.77065
3.77085
3.77006
3.76989
3.77011
3.77094
3.77084
3.77074
3.76985
3.77053
3.77056
3.76978
3.76926
3.76902
3.77085
3.77092
3.77092
3.77092
3.77092
3.77089
3.7704
3.77087
3.77044
3.76473
3.77079
3.77074
3.77036
3.7677
3.76438
3.77048
3.77064
3.77054
3.77029
3.77077
3.77051
3.77061
3.76992
3.77094
3.77026
3.76962
3.77075
3.77084
3.76882
3.77065
3.77061
3.77071
3.77094
3.77046
3.76736
3.77083
3.7707
3.77086
3.77092
3.77092
3.77088
3.76829
3.77063
3.76892
3.76765
3.77094
3.77068
3.77067
3.76904
3.77078
3.77083
3.77086
3.77082
3.77085
3.76954
3.77036
3.77088
3.77031
3.76613
3.77041
3.77082
3.77083
3.77088
3.76791
3.77093
3.77065
3.77022
3.77076
3.77072
3.76971
3.77066
3.77002
3.77053
3.76636
3.77073
3.77094
3.77092
3.77086
3.77085
3.7708
3.76586
3.77038
3.76972
3.77094
3.77
3.76977
3.77081
3.7707
3.76773
3.76532
3.77092
3.76973
3.77093
3.76558
3.76512
3.76961
3.77063
3.7707
3.76956
3.77093
3.77023
3.77081
3.77084
3.77093
3.77015
3.77086
3.77036
3.76781
3.77087
3.77008
3.77087
3.77054
3.77086
3.7642
3.77088
3.77082
3.77041
3.77081
3.77074
3.76937
3.77091
3.76827
3.77037
3.77063
3.77061
3.77079
3.7709
3.77053
3.77077
3.76654
3.77031
3.76989
3.77063
3.76912
3.77076
3.77094
3.76813
3.77066
3.77091
3.77025
3.77092
3.77093
3.77079
3.77086
3.7708
3.77068
3.77014
3.77083
3.77044
3.77044
3.7688
3.76992
3.76921
3.76888
3.77049
3.76907
3.76888
3.76962
3.7706
3.76648
3.76929
3.77068
3.77071
3.77049
3.77068
3.77082
3.7705
3.77079
3.77085
3.76868
3.7698
3.76972
3.77083
3.77093
3.77092
3.7676
3.77083
3.76943
3.76936
3.77089
3.77075
3.77071
3.76842
3.77087
3.77061
3.76502
3.77093
3.77066
3.77078
3.76997
3.7708
3.76931
3.77058
3.76782
3.77033
3.77091
3.76517
3.77089
3.77036
3.77081
3.76393
3.77092
3.77053
3.76789
3.76968
3.77084
3.77082
3.77056
3.76807
3.7702
3.77004
3.76852
3.76579
3.7694
3.77059
3.76977
3.76454
3.77018
3.77063
3.76992
3.77093
3.76946
3.76929
3.76713
3.77073
3.77045
3.77016
3.76977
3.77069
3.76986
3.7709
3.77069
3.77093
3.77049
3.77086
3.77082
3.76954
3.77069
3.77081
3.77049
3.76888
3.76708
3.76907
3.77061
3.77082
3.77088
3.77064
3.7705
3.77066
3.7707
3.77089
3.77088
3.77093
3.77057
3.76738
3.77077
3.77082
3.76862
3.77026
3.76967
3.77091
3.77047
3.76876
3.76991
3.77067
3.77083
3.77087
3.76478
3.77079
3.7709
3.77024
3.77083
3.76899
3.76976
3.7709
3.77063
3.76929
3.77033
3.76999
3.77049
3.77064
3.76918
3.77066
3.7677
3.77009
3.76571
3.77073
3.77032
3.77062
3.77078
3.7701
3.77083
3.7652
3.77092
3.7708
3.76846
3.77072
3.76929
3.7703
3.77023
3.77091
3.77091
3.77061
3.77005
3.7699
3.76603
3.77083
3.77091
3.76924
3.77067
3.76606
3.77091
3.77058
3.77018
3.77045
3.77073
3.76993
3.7707
3.77079
3.7641
3.7706
3.7708
3.76854
3.77089
3.77087
3.77089
3.77042
3.7709
3.77068
3.77071
3.77027
3.7709
3.7661
3.76948
3.76921
3.77056
3.77092
3.7709
3.76416
3.76948
3.77064
3.77005
3.76815
3.77085
3.76923
3.77015
3.77082
3.77048
3.77065
3.77091
3.7683
3.76847
3.77075
3.77044
3.76927
3.77069
3.77092
3.77094
3.77008
3.77093
3.77091
3.77036
3.77091
3.77058
3.77091
3.76406
3.76999
3.76954
3.77094
3.77083
3.76408
3.77079
3.76953
3.77076
3.77093
3.77012
3.76968
3.76941
3.77085
3.77071
3.77056
3.76695
3.77031
3.77089
3.76893
3.77044
3.77063
3.77084
3.77012
3.77092
3.76471
3.7709
3.7708
3.77089
3.76792
3.77029
3.77073
3.77061
3.77054
3.77092
3.7701
3.76744
3.76747
3.77077
3.77046
3.76771
3.77079
3.77067
3.77054
3.77088
3.7709
3.77087
3.77093
3.77018
3.77093
3.77093
3.76441
3.76946
3.77091
3.77042
3.77072
3.77071
3.76787
3.77076
3.77037
3.7688
3.77094
3.77052
3.7709
3.76448
3.77086
3.76957
3.77075
3.77093
3.76936
3.7709
3.77082
3.77068
3.77084
3.76744
3.77074
3.77058
3.76791
3.76987
3.77091
3.76407
3.77065
3.77094
3.77052
3.77055
3.77042
3.77083
3.76734
3.77085
3.77065
3.77091
3.77092
3.77089
3.77063
3.77068
3.7707
3.77092
3.7684
3.77068
3.76939
3.77061
3.77093
3.77008
3.77093
3.76852
3.76793
3.7705
3.77082
3.77088
3.76922
3.77091
3.7704
3.77046
3.76989
3.77027
3.7709
3.77073
3.77094
3.77001
3.77092
3.77048
3.77093
3.77032
3.77078
3.77063
3.77087
3.77057
3.77085
3.77086
3.76902
3.77091
3.76884
3.77051
3.77087
3.77024
3.77065
3.7648
3.77075
3.7679
3.77016
3.77087
3.76424
3.77074
3.76963
3.77056
3.76938
3.77
3.77023
3.7705
3.7709
3.76586
3.77068
3.77085
3.77061
3.77091
3.77091
3.77089
3.77089
3.77065
3.77027
3.76999
3.77082
3.77094
3.76391
3.76862
3.77012
3.76394
3.76807
3.77091
3.77093
3.76388
3.77082
3.76948
3.77064
3.769
3.76981
3.77016
3.77092
3.7705
3.7705
3.7709
3.77079
3.77094
3.77093
3.7707
3.77052
3.76905
3.76922
3.77042
3.76948
3.77055
3.77071
3.7706
3.7709
3.77039
3.76896
3.77085
3.76919
3.77042
3.77091
3.77065
3.7708
3.7701
3.77033
3.76874
3.77067
3.77086
3.76967
3.77088
3.7667
3.77092
3.77066
3.76881
3.77089
3.77046
3.77048
3.77093
3.77086
3.76945
3.7698
3.77087
3.77044
3.77094
3.77092
3.7642
3.77008
3.77073
3.77093
3.77044
3.76793
3.76946
3.7706
3.77094
3.77016
3.77005
3.77026
3.76547
3.76871
3.76985
3.77067
3.76971
3.77094
3.76967
3.77085
3.77086
3.76794
3.77084
3.77059
3.77093
3.76753
3.77094
3.77059
3.77086
3.77068
3.77066
3.76877
3.77043
3.7706
3.77035
3.77076
3.77068
3.77068
3.77078
3.77086
3.77063
3.77091
3.77066
3.7709
3.7706
3.77085
3.77092
3.77087
3.77093
3.77036
3.77077
3.76985
3.76551
3.76938
3.77089
3.77094
3.76959
3.76963
3.76992
3.77089
3.77091
3.7709
3.76392
3.77071
3.76833
3.77064
3.76977
3.76916
3.77038
3.77073
3.76865
3.7707
3.77088
3.7664
3.76924
3.76488
3.7708
3.77093
3.77054
3.77089
3.76984
3.76387
3.77078
3.77091
3.76917
3.77034
3.77094
3.77065
3.77012
3.77094
3.77072
3.76412
3.77086
3.77083
3.7707
3.77061
3.77048
3.77086
3.77001
3.76579
3.77046
3.77045
3.76917
3.76972
3.76949
3.77062
3.77093
3.77086
3.77066
3.77071
3.76688
3.7676
3.77048
3.77058
3.77091
3.77073
3.77077
3.77079
3.77083
3.77078
3.77093
3.76945
3.77027
3.77029
3.77089
3.76642
3.77093
3.77089
3.7707
3.77071
3.7709
3.77062
3.76791
3.77034
3.77091
3.76842
3.77076
3.77
3.77093
3.76999
3.77025
3.76984
3.77029
3.77032
3.76912
3.77072
3.77087
3.77084
3.7709
3.77082
3.77082
3.76972
3.77078
3.76412
3.77083
3.76881
3.76446
3.76807
3.77065
3.7695
3.76637
3.77064
3.77093
3.76896
3.77085
3.7709
3.76661
3.77091
3.77059
3.77019
3.77032
3.76747
3.76942
3.77043
3.77094
3.76863
3.7687
3.76642
3.76427
3.77082
3.77053
3.77037
3.77088
3.77083
3.76449
3.77021
3.77088
3.76972
3.76815
3.77093
3.77076
3.77031
3.77055
3.77061
3.77077
3.77052
3.77049
3.76921
3.77084
3.7709
3.77077
3.76836
3.7697
3.77003
3.7701
3.76799
3.77092
3.76991
3.77023
3.77089
3.76467
3.77093
3.77078
3.77074
3.77093
3.77085
3.76825
3.7651
3.77068
3.76863
3.76928
3.77079
3.77082
3.76885
3.76854
3.77047
3.7662
3.76975
3.7663
3.77081
3.77051
3.7706
3.76889
3.77045
3.77022
3.77044
3.77085
3.77071
3.7709
3.77029
3.77079
3.76574
3.77068
3.77028
3.76535
3.76853
3.77093
3.77091
3.77088
3.77091
3.77027
3.765
3.77091
3.76456
3.76876
3.76933
3.76511
3.7672
3.77029
3.77069
3.77081
3.76911
3.77092
3.77028
3.76892
3.77072
3.77087
3.77087
3.77033
3.77091
3.77084
3.76834
3.77092
3.77091
3.77076
3.7691
3.77074
3.7709
3.7708
3.77087
3.76835
3.77076
3.76582
3.77075
3.7708
3.77039
3.77085
3.77094
3.77092
3.77002
3.76957
3.77079
3.77078
3.77048
3.77088
3.77067
3.77009
3.77085
3.76669
3.77076
3.77094
3.77064
3.77089
3.77068
3.76902
3.77093
3.76934
3.77089
3.77062
3.7708
3.76997
3.77092
3.77002
3.77083
3.7706
3.77005
3.77081
3.77084
3.77089
3.77058
3.77078
3.7663
3.77089
3.77086
3.77042
3.77031
3.77087
3.76838
3.76717
3.77077
3.77086
3.76893
3.77073
3.76819
3.77076
3.77072
3.77045
3.76927
3.7707
3.77017
3.77087
3.77093
3.76838
3.77073
3.77053
3.77052
3.77056
3.77081
3.7707
3.76827
3.77004
3.77079
3.77085
3.76965
3.76986
3.76956
3.77083
3.7708
3.76891
3.77074
3.77088
3.77046
3.76569
3.77086
3.76864
3.77084
3.77016
3.77054
3.76942
3.7708
3.76998
3.77092
3.77074
3.76887
3.76928
3.77049
3.77038
3.77057
3.77013
3.77079
3.77055
3.77094
3.77083
3.77044
3.76788
3.77068
3.77091
3.76819
3.77085
3.77038
3.77046
3.76911
3.77058
3.77093
3.76385
3.77094
3.77091
3.77079
3.77038
3.77092
3.77013
3.76965
3.77085
3.77089
3.77052
3.77024
3.77069
3.76975
3.77087
3.76995
3.77088
3.76674
3.77087
3.77051
3.77061
3.77071
3.77069
3.77082
3.77024
3.76846
3.76981
3.77072
3.77057
3.77079
3.7692
3.77035
3.76899
3.77018
3.77093
3.77055
3.76677
3.7704
3.77061
3.76858
3.76473
3.77071
3.77081
3.76764
3.77087
3.77085
3.76938
3.77058
3.77016
3.77048
3.76874
3.77084
3.76833
3.77066
3.77075
3.77015
3.77034
3.77078
3.76685
3.77068
3.77069
3.76445
3.77009
3.76516
3.76977
3.76947
3.77049
3.76975
3.77071
3.76938
3.77084
3.76746
3.77075
3.76844
3.76812
3.7644
3.77073
3.76973
3.77028
3.77038
3.76694
3.77009
3.77073
3.77091
3.77046
3.77076
3.76775
3.76507
3.7709
3.76932
3.7707
3.77009
3.76961
3.77062
3.77087
3.77018
3.77092
3.77066
3.77089
3.7639
3.76968
3.77093
3.77069
3.76988
3.77007
3.77084
3.77073
3.77056
3.77087
3.7709
3.77091
3.76779
3.77073
3.77048
3.77081
3.76858
3.77004
3.76933
3.77088
3.77037
3.7708
3.77023
3.77047
3.77032
3.76934
3.76876
3.77068
3.77088
3.7661
3.77094
3.77002
3.7709
3.77056
3.77028
3.76605
3.77044
3.76933
3.77069
3.76559
3.77091
3.7707
3.76935
3.77076
3.77048
3.77091
3.77078
3.76952
3.77082
3.77093
3.76852
3.76999
3.77079
3.7708
3.76965
3.77085
3.77019
3.77085
3.77068
3.77003
3.76925
3.76985
3.77087
3.76814
3.77071
3.7665
3.76996
3.77057
3.76885
3.76969
3.77093
3.77086
3.76854
3.77068
3.76947
3.77088
3.77043
3.76486
3.77086
3.77072
3.77004
3.77093
3.77085
3.77094
3.77091
3.77084
3.77091
3.76626
3.77074
3.77055
3.76991
3.7708
3.76868
3.77088
3.77094
3.77088
3.77081
3.7686
3.77087
3.77084
3.77059
3.76959
3.7707
3.76946
3.77005
3.76503
3.77085
3.7707
3.76733
3.77026
3.7709
3.77091
3.77008
3.77045
3.76518
3.77087
3.77083
3.76533
3.76693
3.77086
3.77072
3.77055
3.77055
3.76588
3.77023
3.77064
3.77091
3.77017
3.77084
3.76975
3.77093
3.76959
3.77057
3.76401
3.77077
3.76961
3.77053
3.7667
3.7701
3.77093
3.77063
3.7709
3.77079
3.76924
3.77068
3.77039
3.77094
3.77076
3.7687
3.76944
3.77036
3.77058
3.77038
3.77078
3.77055
3.76513
3.7709
3.77081
3.77092
3.7708
3.76862
3.76513
3.77072
3.77005
3.77074
3.76901
3.77027
3.77033
3.76997
3.7709
3.76511
3.77094
3.77078
3.76987
3.77024
3.7709
3.77078
3.77089
3.7704
3.77028
3.76776
3.77051
3.77093
3.76847
3.77065
3.77011
3.77094
3.77061
3.76898
3.76419
3.77087
3.7704
3.77032
3.77066
3.77081
3.77094
3.76821
3.77061
3.7707
3.76969
3.77073
3.77074
3.77058
3.77076
3.7709
3.76998
3.76563
3.77079
3.76925
3.77084
3.76567
3.76462
3.77075
3.76521
3.76888
3.77052
3.77089
3.76424
3.77061
3.76788
3.7706
3.77036
3.77085
3.76825
3.77091
3.7695
3.77086
3.77001
3.7689
3.76851
3.7707
3.77086
3.77068
3.77068
3.76799
3.77086
3.77087
3.77064
3.77024
3.76948
3.7707
3.7697
3.76537
3.77086
3.76463
3.76488
3.77094
3.77068
3.77093
3.76938
3.77056
3.77092
3.77035
3.7709
3.7688
3.76931
3.77063
3.77087
3.77072
3.77062
3.77075
3.77036
3.77049
3.76538
3.77088
3.77071
3.7698
3.77051
3.77069
3.77061
3.77076
3.77054
3.76898
3.76627
3.76982
3.76977
3.76956
3.77087
3.77015
3.77085
3.77089
3.76945
3.77082
3.7688
3.77092
3.76954
3.77063
3.77029
3.76558
3.77093
3.77077
3.77092
3.77028
3.77061
3.77024
3.77053
3.7705
3.77089
3.77034
3.77092
3.77085
3.77047
3.77092
3.77014
3.77064
3.77062
3.77078
3.77075
3.77088
3.76801
3.77091
3.77012
3.77033
3.77069
3.77092
3.77042
3.77094
3.77077
3.7707
3.76861
3.77034
3.7683
3.77081
3.77089
3.77078
3.77044
3.77054
3.77063
3.76802
3.77018
3.76812
3.77071
3.77089
3.77056
3.7709
3.76519
3.77087
3.76887
3.76817
3.77072
3.77073
3.77092
3.77044
3.77079
3.7684
3.7704
3.77093
3.77092
3.77078
3.77091
3.7709
3.77092
3.77081
3.77014
3.76522
3.7709
3.77083
3.77063
3.77039
3.76457
3.7698
3.77033
3.7708
3.77087
3.77032
3.77093
3.76883
3.76988
3.77057
3.76968
3.77084
3.76979
3.77092
3.77042
3.77052
3.77046
3.77091
3.77091
3.76979
3.77092
3.76461
3.77039
3.76863
3.77076
3.77081
3.76613
3.77056
3.76997
3.77016
3.77082
3.77046
3.76804
3.77084
3.77073
3.76401
3.76787
3.77079
3.77073
3.77074
3.77031
3.77063
3.76723
3.76932
3.77066
3.77092
3.77076
3.77075
3.77091
3.77088
3.76955
3.76989
3.76476
3.77059
3.76972
3.77092
3.77032
3.76712
3.76946
3.76991
3.77029
3.77055
3.7702
3.77079
3.77012
3.76888
3.77035
3.76788
3.77025
3.76937
3.77085
3.77091
3.77028
3.77072
3.77074
3.77067
3.77093
3.76962
3.7709
3.76982
3.77054
3.77069
3.76991
3.76996
3.77069
3.76656
3.77058
3.76864
3.77069
3.7682
3.77023
3.77089
3.76921
3.7701
3.77094
3.77069
3.76941
3.77061
3.76926
3.77089
3.77073
3.76713
3.76853
3.77048
3.77058
3.7707
3.76855
3.77076
3.77021
3.77091
3.77093
3.76946
3.77005
3.7709
3.77026
3.77068
3.77088
3.76484
3.767
3.77082
3.76852
3.77089
3.77067
3.76392
3.76953
3.77037
3.7684
3.77008
3.76517
3.77088
3.77017
3.7659
3.76769
3.77088
3.76964
3.77032
3.77068
3.77062
3.7708
3.76835
3.77077
3.76937
3.76779
3.77056
3.76833
3.77072
3.77085
3.77032
3.7709
3.77092
3.7709
3.76904
3.77081
3.76651
3.77094
3.76976
3.77094
3.77089
3.77083
3.77093
3.77089
3.7697
3.77023
3.77089
3.76972
3.76946
3.77045
3.77088
3.77067
3.7692
3.77063
3.7691
3.7665
3.76839
3.76536
3.77093
3.77054
3.76895
3.76659
3.76859
3.77094
3.76969
3.76856
3.77078
3.76812
3.77071
3.76844
3.77093
3.77077
3.77007
3.77016
3.77094
3.77074
3.77034
3.77065
3.76996
3.77089
3.77081
3.76477
3.76622
3.77002
3.76951
3.77057
3.76544
3.77094
3.77022
3.77065
3.77056
3.77051
3.76926
3.77006
3.76824
3.77054
3.77091
3.77091
3.77061
3.77094
3.77093
3.77093
3.76533
3.77022
3.76654
3.77076
3.77054
3.77078
3.77093
3.77038
3.76805
3.7702
3.77064
3.77062
3.77017
3.77033
3.76458
3.77083
3.77064
3.77075
3.77088
3.77091
3.77019
3.77083
3.7706
3.77011
3.76457
3.77089
3.76828
3.77047
3.77003
3.77088
3.77074
3.77072
3.77044
3.77071
3.77088
3.7695
3.7705
3.76821
3.77047
3.76903
3.7703
3.77052
3.76856
3.76886
3.76981
3.77089
3.76953
3.76966
3.77053
3.77028
3.77086
3.76874
3.76916
3.76981
3.77065
3.77082
3.76801
3.77094
3.77011
3.77005
3.76863
3.77083
3.77084
3.77088
3.77091
3.7656
3.77062
3.77089
3.76788
3.76959
3.77071
3.77084
3.77088
3.76726
3.77086
3.7681
3.77077
3.77042
3.7701
3.77092
3.77018
3.76976
3.77003
3.77085
3.77091
3.77081
3.77087
3.77023
3.77075
3.77089
3.77072
3.77061
3.77092
3.77038
3.77075
3.77081
3.77094
3.76945
3.76917
3.77027
3.77064
3.76819
3.77041
3.77028
3.76909
3.77061
3.7706
3.77074
3.76872
3.77038
3.76557
3.7707
3.76405
3.76674
3.77072
3.7709
3.77086
3.77086
3.76977
3.77056
3.7642
3.76865
3.77071
3.76881
3.77074
3.76833
3.77088
3.77091
3.77019
3.7703
3.76831
3.77088
3.77001
3.77007
3.77089
3.7709
3.77058
3.7708
3.7708
3.77018
3.77092
3.77075
3.77089
3.77034
3.77082
3.77014
3.77083
3.76951
3.77063
3.77063
3.77087
3.7709
3.76708
3.7701
3.76843
3.77016
3.77038
3.76999
3.77093
3.77031
3.76852
3.7708
3.77033
3.77052
3.77063
3.76907
3.77053
3.76914
3.76954
3.77072
3.7709
3.7664
3.76555
3.77008
3.77087
3.77072
3.7706
3.76983
3.76401
3.77068
3.77086
3.77081
3.77035
3.76995
3.77059
3.77092
3.76718
3.7706
3.77084
3.7706
3.77093
3.7709
3.77071
3.76878
3.77091
3.77087
3.77069
3.76738
3.77042
3.77084
3.76964
3.7705
3.76874
3.77042
3.77081
3.77093
3.7709
3.7709
3.77066
3.7708
3.77007
3.7708
3.77084
3.77087
3.76946
3.76874
3.77077
3.77091
3.76399
3.76942
3.77075
3.7708
3.76722
3.7703
3.77027
3.76961
3.7705
3.76942
3.76603
3.77018
3.77089
3.7709
3.77086
3.76893
3.77039
3.77081
3.77087
3.77094
3.77022
3.77086
3.76899
3.77051
3.77084
3.77086
3.77087
3.76947
3.77017
3.77082
3.77057
3.76851
3.77092
3.77052
3.76985
3.76936
3.77086
3.77028
3.76991
3.77056
3.7708
3.77094
3.76935
3.77091
3.77076
3.77065
3.77071
3.77086
3.77005
3.7706
3.7709
3.77073
3.77087
3.77082
3.76397
3.76828
3.77038
3.77033
3.77069
3.77087
3.77093
3.77054
3.77039
3.76997
3.77016
3.77077
3.77065
3.77012
3.76928
3.77085
3.76921
3.76465
3.77019
3.77093
3.7709
3.7707
3.77093
3.77089
3.77066
3.77044
3.77064
3.76975
3.77093
3.76646
3.76664
3.77091
3.77086
3.77081
3.7709
3.77064
3.77086
3.76768
3.76811
3.77061
3.77085
3.77026
3.77092
3.77091
3.76738
3.77073
3.77033
3.76625
3.77081
3.7663
3.77085
3.76936
3.76937
3.77091
3.77028
3.77091
3.76952
3.77078
3.77088
3.7707
3.77039
3.77083
3.77085
3.76848
3.77079
3.77076
3.77075
3.77091
3.77078
3.77032
3.77037
3.77034
3.77009
3.76876
3.77092
3.77085
3.77092
3.76872
3.77083
3.77091
3.77087
3.77084
3.77079
3.77074
3.77018
3.77085
3.77016
3.77084
3.77077
3.7649
3.76885
3.76961
3.77092
3.77087
3.77088
3.77077
3.77092
3.77081
3.77054
3.77092
3.76864
3.77091
3.77063
3.77045
3.77021
3.77087
3.76896
3.77084
3.77062
3.77006
3.7687
3.76991
3.76979
3.77072
3.77047
3.77068
3.77002
3.7709
3.77092
3.77067
3.77071
3.76679
3.77089
3.76988
3.76994
3.77044
3.77072
3.77047
3.77023
3.7709
3.77087
3.76864
3.77019
3.77064
3.77083
3.77071
3.77047
3.77063
3.77075
3.77041
3.7707
3.76945
3.7709
3.7705
3.77093
3.77059
3.77029
3.76952
3.7707
3.77059
3.77039
3.77073
3.77042
3.77066
3.77052
3.77094
3.77027
3.76924
3.76791
3.76983
3.77011
3.77009
3.77087
3.77094
3.7705
3.77025
3.77089
3.76847
3.77056
3.77091
3.76973
3.77076
3.77044
3.77093
3.76998
3.77052
3.77093
3.77008
3.76988
3.77049
3.7709
3.76757
3.77092
3.77093
3.7707
3.77074
3.77081
3.77085
3.77068
3.77061
3.77064
3.77082
3.77075
3.77011
3.77022
3.77081
3.77066
3.77
3.77093
3.76809
3.76828
3.77055
3.77087
3.77093
3.77089
3.77068
3.77091
3.77018
3.77088
3.7687
3.76566
3.77094
3.77018
3.77036
3.77092
3.77079
3.76792
3.77087
3.7703
3.7703
3.77093
3.76882
3.77091
3.76994
3.76441
3.77056
3.77083
3.77039
3.7708
3.77087
3.76827
3.76962
3.77021
3.77079
3.76998
3.76889
3.77063
3.77051
3.76998
3.76988
3.76964
3.76991
3.76758
3.77091
3.77028
3.76956
3.76544
3.77075
3.76969
3.77092
3.77092
3.77092
3.77059
3.76938
3.77077
3.76964
3.77067
3.77061
3.7699
3.77076
3.77093
3.77042
3.76651
3.7707
3.76889
3.76821
3.76938
3.76962
3.77061
3.76908
3.77049
3.76906
3.77078
3.77092
3.77079
3.7707
3.77094
3.77009
3.76808
3.7707
3.76603
3.77092
3.76926
3.77066
3.77087
3.77093
3.7709
3.77038
3.76891
3.76632
3.77054
3.77075
3.7698
3.77034
3.77042
3.77062
3.77068
3.77051
3.77041
3.77086
3.77091
3.76628
3.77076
3.77082
3.77005
3.76997
3.76414
3.77081
3.77061
3.7709
3.77094
3.77046
3.77082
3.77076
3.77091
3.76949
3.77094
3.77062
3.77065
3.76436
3.77094
3.77093
3.76723
3.7705
3.76945
3.77065
3.76851
3.7709
3.76474
3.77068
3.7702
3.7708
3.77077
3.77085
3.77057
3.77092
3.77089
3.77085
3.7706
3.77081
3.76965
3.76974
3.76992
3.7708
3.76861
3.77004
3.77028
3.77085
3.77063
3.77093
3.77077
3.77017
3.76958
3.77074
3.7709
3.77084
3.77086
3.76992
3.77087
3.77092
3.7699
3.77064
3.77075
3.76843
3.76914
3.77066
3.77084
3.77061
3.77002
3.7709
3.76999
3.7709
3.77066
3.77051
3.77022
3.77092
3.7639
3.76439
3.76629
3.77093
3.77042
3.77055
3.77087
3.77037
3.77054
3.76978
3.7709
3.77089
3.77093
3.77091
3.76991
3.77076
3.76565
3.76949
3.76983
3.77082
3.77062
3.77084
3.76775
3.77087
3.77041
3.77075
3.77091
3.77088
3.77
3.77081
3.77091
3.77089
3.77081
3.7682
3.77073
3.77092
3.77069
3.77089
3.76899
3.77088
3.7694
3.76518
3.76739
3.76985
3.76589
3.77089
3.7708
3.77057
3.7692
3.76405
3.77064
3.76897
3.7705
3.77057
3.7707
3.77087
3.77089
3.77087
3.77093
3.7707
3.7705
3.77084
3.77007
3.77071
3.77008
3.76955
3.76967
3.76989
3.76514
3.77082
3.77029
3.76635
3.77088
3.76974
3.77
3.77071
3.77094
3.77084
3.76819
3.76845
3.77086
3.77051
3.77086
3.77048
3.77083
3.77094
3.77089
3.76971
3.7679
3.77093
3.77023
3.77079
3.77071
3.77094
3.77076
3.77093
3.77075
3.77056
3.77063
3.76896
3.76775
3.77093
3.77034
3.7708
3.77091
3.77045
3.77013
3.76838
3.76967
3.76859
3.77083
3.77093
3.77017
3.77061
3.77075
3.76846
3.7682
3.76947
3.76672
3.77089
3.76552
3.77071
3.77091
3.76993
3.77041
3.77002
3.77085
3.7683
3.76965
3.76997
3.77041
3.77061
3.77085
3.76908
3.77079
3.77048
3.77048
3.77088
3.77013
3.77073
3.77026
3.77029
3.76936
3.77072
3.77076
3.76968
3.77037
3.76798
3.76893
3.77091
3.77048
3.77042
3.76783
3.77075
3.76762
3.77075
3.76681
3.77012
3.76508
3.7709
3.76521
3.76971
3.7698
3.7705
3.77077
3.77084
3.77087
3.76517
3.7696
3.77083
3.77058
3.76955
3.77079
3.77091
3.76849
3.76987
3.76984
3.77064
3.77082
3.76387
3.77085
3.77065
3.7694
3.76384
3.77025
3.77012
3.7699
3.76915
3.77066
3.767
3.76774
3.77055
3.76512
3.77058
3.77055
3.77092
3.77059
3.77078
3.77065
3.77081
3.76988
3.77075
3.76893
3.7702
3.77073
3.77085
3.76997
3.77091
3.77091
3.77084
3.77081
3.77093
3.76842
3.77013
3.77081
3.77089
3.77048
3.77077
3.77081
3.77058
3.77093
3.77046
3.77006
3.77038
3.76521
3.77016
3.77062
3.77077
3.76992
3.77057
3.77056
3.7709
3.77016
3.77085
3.77091
3.77078
3.7706
3.77074
3.76648
3.77093
3.76538
3.77081
3.76694
3.77093
3.77083
3.77093
3.77066
3.76845
3.76854
3.77034
3.77013
3.7707
3.77077
3.77073
3.77091
3.76994
3.76898
3.77042
3.77079
3.77094
3.77078
3.77033
3.77093
3.77045
3.77086
3.77092
3.77069
3.76457
3.77091
3.77084
3.76898
3.77092
3.76946
3.7693
3.77079
3.76873
3.77043
3.77075
3.77092
3.76754
3.77076
3.7708
3.77066
3.77077
3.77078
3.77048
3.77083
3.76951
3.76561
3.77021
3.77094
3.76752
3.77091
3.77033
3.77025
3.77021
3.77069
3.76993
3.77059
3.77063
3.77055
3.77091
3.76907
3.76988
3.76446
3.76729
3.7708
3.77054
3.76947
3.77093
3.77092
3.76846
3.77012
3.7708
3.77091
3.7695
3.77058
3.77057
3.76393
3.76992
3.77091
3.76402
3.77084
3.77082
3.77084
3.77082
3.77089
3.77079
3.77085
3.77057
3.77032
3.76981
3.77092
3.76873
3.77037
3.77068
3.76487
3.7648
3.77027
3.77089
3.77071
3.77072
3.77047
3.76955
3.77081
3.77051
3.76767
3.77092
3.76645
3.77013
3.76583
3.76902
3.77093
3.77077
3.77052
3.77036
3.77078
3.77067
3.77082
3.77089
3.77087
3.77094
3.77052
3.77083
3.77076
3.7709
3.77046
3.77026
3.77055
3.77036
3.76983
3.77066
3.77086
3.76966
3.77084
3.77091
3.76643
3.77068
3.76951
3.77072
3.7704
3.76842
3.76469
3.76991
3.77064
3.76906
3.76803
3.77057
3.77068
3.77088
3.77082
3.76944
3.7706
3.7697
3.76813
3.77087
3.76956
3.77089
3.76962
3.76808
3.76968
3.76758
3.77088
3.77082
3.76808
3.77084
3.76993
3.77087
3.77079
3.77093
3.76795
3.7708
3.77085
3.77039
3.77087
3.7692
3.77067
3.77024
3.77089
3.77091
3.76531
3.77083
3.77042
3.77045
3.76796
3.7708
3.77059
3.76943
3.77075
3.77093
3.77082
3.77091
3.77087
3.77064
3.77067
3.77089
3.77079
3.76966
3.77039
3.77025
3.76826
3.77046
3.77024
3.76506
3.77057
3.77063
3.77039
3.76936
3.77032
3.76983
3.7698
3.77079
3.76728
3.77083
3.7706
3.77024
3.77093
3.77082
3.77032
3.77034
3.77083
3.7691
3.77044
3.7707
3.77042
3.77059
3.77074
3.77047
3.77066
3.77071
3.77075
3.77075
3.77076
3.76994
3.76979
3.76973
3.76493
3.77091
3.76971
3.77074
3.77033
3.76924
3.76591
3.7707
3.77043
3.7708
3.77088
3.77078
3.77016
3.77053
3.77083
3.76976
3.77017
3.77089
3.76937
3.77073
3.76793
3.77081
3.77058
3.77065
3.76945
3.77034
3.77092
3.76492
3.77084
3.77081
3.77091
3.77075
3.77069
3.77093
3.77082
3.7708
3.77051
3.77092
3.77089
3.77089
3.77091
3.77052
3.76984
3.77093
3.77039
3.77088
3.77004
3.77049
3.76768
3.76391
3.77025
3.77083
3.7704
3.77074
3.77071
3.7702
3.77046
3.77094
3.76908
3.77066
3.77023
3.77072
3.77089
3.76996
3.77008
3.76633
3.77093
3.77091
3.77077
3.77091
3.77003
3.77084
3.77082
3.77094
3.77069
3.76862
3.77063
3.77074
3.77089
3.76945
3.76532
3.77088
3.76809
3.76795
3.76971
3.77035
3.77089
3.77035
3.7709
3.76973
3.77082
3.77093
3.77064
3.77059
3.77091
3.7703
3.77055
3.77085
3.76881
3.76868
3.77077
3.77083
3.7707
3.7679
3.77077
3.77088
3.77092
3.77065
3.77084
3.77035
3.77091
3.77011
3.7707
3.7707
3.76402
3.77034
3.77093
3.77036
3.77092
3.77091
3.76962
3.77042
3.76974
3.77082
3.77093
3.77081
3.77087
3.77007
3.77093
3.77081
3.7701
3.76903
3.77091
3.77082
3.76861
3.77077
3.77002
3.77089
3.77006
3.76986
3.77054
3.7701
3.77056
3.77046
3.76883
3.77075
3.77086
3.77004
3.77093
3.77089
3.7709
3.77043
3.77094
3.77094
3.77089
3.76937
3.76881
3.77068
3.76999
3.77083
3.77075
3.77021
3.77027
3.77093
3.77078
3.76972
3.76496
3.76906
3.76467
3.7709
3.77094
3.77072
3.77082
3.77082
3.76874
3.77091
3.76651
3.77005
3.76983
3.77089
3.77087
3.77075
3.76982
3.76989
3.77074
3.7708
3.76832
3.76452
3.77075
3.76422
3.76897
3.77084
3.77091
3.76836
3.77084
3.77076
3.77079
3.77094
3.77089
3.77048
3.77094
3.76616
3.76706
3.77091
3.76953
3.77088
3.76885
3.77038
3.77061
3.77086
3.7705
3.77093
3.77092
3.77088
3.76928
3.7702
3.77066
3.77093
3.76814
3.76907
3.77038
3.77075
3.77083
3.77023
3.77042
3.77028
3.76426
3.77074
3.77066
3.76841
3.77081
3.76964
3.77055
3.76981
3.7707
3.76998
3.76992
3.764
3.77091
3.76772
3.76658
3.77065
3.7708
3.77054
3.77054
3.76998
3.77082
3.77067
3.77072
3.77094
3.77091
3.77003
3.7708
3.77088
3.76402
3.77038
3.77061
3.76691
3.77077
3.77087
3.76405
3.77087
3.76971
3.77058
3.7702
3.77089
3.77029
3.77048
3.77022
3.7706
3.77019
3.7704
3.77015
3.76956
3.7704
3.77008
3.769
3.76955
3.77092
3.77077
3.7642
3.77073
3.77093
3.77061
3.77061
3.77072
3.77079
3.77072
3.77081
3.76462
3.76959
3.77094
3.77092
3.77075
3.76898
3.76734
3.76827
3.77061
3.7708
3.77081
3.77082
3.77077
3.77021
3.77079
3.77065
3.77028
3.77084
3.77071
3.7703
3.77069
3.76614
3.77006
3.77086
3.76698
3.77077
3.77081
3.77092
3.77075
3.77
3.77092
3.77088
3.77082
3.7708
3.77088
3.76811
3.77052
3.77009
3.7709
3.77089
3.76854
3.77009
3.77089
3.77086
3.77092
3.77062
3.76781
3.77085
3.77002
3.77091
3.76899
3.77091
3.77013
3.76985
3.77047
3.77089
3.77059
3.77072
3.77068
3.77079
3.7709
3.77094
3.77085
3.77084
3.77087
3.76959
3.7709
3.77038
3.76421
3.77089
3.76773
3.77021
3.76468
3.76726
3.76804
3.77073
3.77076
3.7709
3.77091
3.76626
3.77093
3.76957
3.7649
3.77092
3.76654
3.76804
3.77016
3.77093
3.77053
3.7709
3.76997
3.77066
3.77026
3.77049
3.76918
3.77058
3.76885
3.77056
3.76471
3.76495
3.77091
3.76914
3.77048
3.7708
3.76982
3.77035
3.76997
3.77092
3.77062
3.77073
3.77053
3.77075
3.77071
3.77076
3.76974
3.77053
3.77085
3.76435
3.76693
3.77087
3.76498
3.76933
3.77084
3.7698
3.76787
3.77036
3.77086
3.76964
3.76896
3.76917
3.76832
3.76967
3.77074
3.77055
3.7706
3.7709
3.77023
3.7709
3.76978
3.77034
3.7709
3.76817
3.77083
3.77058
3.76767
3.77021
3.7709
3.76409
3.77089
3.76983
3.76847
3.7708
3.77092
3.77055
3.77043
3.77094
3.77081
3.77074
3.77092
3.77083
3.77067
3.77091
3.77091
3.76857
3.77007
3.77031
3.77089
3.7676
3.77079
3.77071
3.76759
3.7691
3.77093
3.77089
3.76891
3.77029
3.76917
3.76816
3.77087
3.7705
3.77091
3.77088
3.77068
3.77056
3.76966
3.76533
3.77062
3.77073
3.77059
3.7709
3.77084
3.77034
3.77039
3.77086
3.76952
3.77079
3.77094
3.77056
3.76943
3.77063
3.77068
3.77063
3.76924
3.77042
3.77074
3.77055
3.76947
3.76482
3.76888
3.77094
3.76823
3.77091
3.76702
3.77052
3.76759
3.77094
3.76884
3.77074
3.77052
3.77082
3.76805
3.77045
3.7704
3.76992
3.77063
3.77079
3.77026
3.77076
3.77083
3.77057
3.77027
3.77048
3.7708
3.76863
3.76714
3.77064
3.77089
3.77089
3.77012
3.77065
3.77042
3.76419
3.77089
3.76445
3.77074
3.7666
3.77093
3.77067
3.77094
3.77042
3.76847
3.7707
3.77044
3.77082
3.77022
3.77067
3.77089
3.76917
3.76603
3.77077
3.77061
3.77011
3.77054
3.76998
3.77091
3.77094
3.77034
3.7708
3.7709
3.77047
3.77079
3.76685
3.76563
3.77043
3.7707
3.77051
3.76984
3.76724
3.76881
3.77009
3.77024
3.76963
3.77051
3.77074
3.77089
3.77013
3.76974
3.76986
3.76489
3.76956
3.7698
3.77041
3.76987
3.77081
3.76459
3.77032
3.76932
3.76804
3.77064
3.77085
3.77082
3.76793
3.77076
3.7705
3.77085
3.77078
3.7709
3.77063
3.76732
3.77003
3.7704
3.77062
3.77051
3.7709
3.77091
3.7709
3.77046
3.76407
3.77094
3.77074
3.77079
3.76664
3.7708
3.77081
3.76983
3.76825
3.77062
3.76855
3.77073
3.77048
3.77092
3.77021
3.76849
3.77089
3.77091
3.77066
3.7709
3.7686
3.77081
3.77076
3.77051
3.76918
3.77068
3.7707
3.7706
3.77089
3.77031
3.77088
3.77029
3.76899
3.76668
3.77093
3.7639
3.7691
3.77072
3.77028
3.76985
3.76608
3.77094
3.77085
3.77082
3.7708
3.77061
3.77094
3.77092
3.76873
3.77035
3.77034
3.76885
3.7682
3.77051
3.76892
3.76706
3.77082
3.77065
3.76822
3.77019
3.76955
3.76998
3.77029
3.77011
3.7709
3.76885
3.76855
3.76441
3.77032
3.77041
3.76862
3.76403
3.77092
3.7684
3.76958
3.77032
3.77085
3.76458
3.77087
3.77076
3.76968
3.76598
3.77044
3.76709
3.7709
3.77091
3.77083
3.77093
3.77078
3.77094
3.7691
3.7709
3.76933
3.77036
3.77083
3.77094
3.7704
3.77067
3.77076
3.77092
3.77086
3.77056
3.77081
3.7708
3.76649
3.76931
3.77093
3.77077
3.77082
3.77091
3.77092
3.77059
3.7705
3.77078
3.77057
3.77046
3.76934
3.77014
3.76954
3.77076
3.7702
3.76499
3.77094
3.76609
3.7708
3.76555
3.77086
3.76888
3.76654
3.77085
3.77027
3.77057
3.7644
3.76389
3.77089
3.76942
3.77085
3.77089
3.77079
3.77022
3.77083
3.77028
3.77065
3.77063
3.77062
3.77091
3.77075
3.77027
3.77092
3.77091
3.76671
3.77093
3.7709
3.77083
3.77038
3.77091
3.76907
3.76992
3.77088
3.77057
3.77049
3.77005
3.77078
3.77074
3.77075
3.76916
3.76599
3.7704
3.77081
3.76721
3.77086
3.76951
3.77089
3.77073
3.76959
3.7709
3.76891
3.7704
3.77086
3.77079
3.77074
3.76842
3.76609
3.7707
3.77087
3.77076
3.77089
3.76923
3.76699
3.77089
3.7709
3.77017
3.77072
3.7688
3.77084
3.7709
3.77094
3.77077
3.76908
3.77074
3.77043
3.77056
3.77033
3.7709
3.77021
3.77089
3.77075
3.76439
3.7709
3.77093
3.77091
3.76848
3.77086
3.77055
3.76968
3.77054
3.77083
3.77092
3.77092
3.76491
3.76951
3.77076
3.77085
3.76385
3.7705
3.76852
3.76954
3.76943
3.77078
3.76804
3.77078
3.77046
3.77052
3.77046
3.77029
3.76757
3.77091
3.7709
3.77093
3.77043
3.77072
3.76922
3.77013
3.77089
3.7708
3.77006
3.76448
3.77093
3.76844
3.76919
3.7709
3.76484
3.77094
3.76685
3.77091
3.7688
3.77081
3.76915
3.7708
3.76854
3.76624
3.76952
3.77085
3.77094
3.7642
3.77027
3.77075
3.76433
3.77078
3.77047
3.7705
3.76628
3.77089
3.77068
3.77076
3.7709
3.77006
3.77087
3.76436
3.76954
3.77086
3.77084
3.77091
3.77073
3.76639
3.76685
3.76948
3.76939
3.76668
3.77054
3.77092
3.77085
3.77067
3.76766
3.77054
3.76832
3.76702
3.77076
3.77092
3.77035
3.77054
3.76865
3.76945
3.7703
3.77092
3.77084
3.77052
3.76647
3.7707
3.77083
3.77023
3.76814
3.768
3.7683
3.77089
3.77067
3.76955
3.77087
3.77061
3.77093
3.76925
3.77027
3.76951
3.77041
3.76766
3.76975
3.77092
3.77051
3.77078
3.77083
3.76871
3.77077
3.77084
3.77047
3.77092
3.76833
3.77064
3.76704
3.76937
3.76956
3.77069
3.77052
3.77061
3.77048
3.77087
3.77069
3.76931
3.77075
3.77065
3.76893
3.76967
3.76582
3.7707
3.76934
3.77093
3.76444
3.77057
3.77078
3.77087
3.76949
3.76994
3.76991
3.77051
3.77025
3.77078
3.76403
3.77084
3.77023
3.76943
3.76797
3.76726
3.76914
3.77094
3.76985
3.77088
3.77035
3.76813
3.77092
3.77038
3.77072
3.77094
3.76959
3.77042
3.77084
3.76653
3.77089
3.76987
3.76816
3.77089
3.76919
3.77008
3.77073
3.77034
3.77081
3.77071
3.76946
3.76997
3.77037
3.77088
3.76561
3.77091
3.77088
3.76996
3.77049
3.76993
3.76639
3.76852
3.77083
3.77088
3.76921
3.77053
3.77009
3.77084
3.77078
3.76558
3.76958
3.77029
3.77025
3.77094
3.76907
3.77061
3.76826
3.77048
3.77093
3.77034
3.77084
3.77088
3.76937
3.77094
3.77086
3.76653
3.76756
3.77043
3.77064
3.76754
3.77093
3.76521
3.77042
3.77086
3.77074
3.76859
3.76984
3.77032
3.77089
3.76916
3.77052
3.76952
3.77015
3.7708
3.77073
3.77093
3.76911
3.76908
3.7709
3.77087
3.76483
3.77075
3.76906
3.77084
3.76964
3.7709
3.77018
3.7707
3.76597
3.77066
3.76974
3.77092
3.77057
3.77061
3.77034
3.77022
3.76935
3.77079
3.77088
3.76777
3.77084
3.7702
3.76825
3.77047
3.7707
3.76862
3.77043
3.77075
3.76961
3.76968
3.77091
3.77092
3.77087
3.77089
3.76571
3.77069
3.76858
3.7686
3.77088
3.77008
3.76717
3.77033
3.77081
3.77055
3.77075
3.77049
3.77011
3.77079
3.77052
3.76518
3.76561
3.77093
3.77091
3.77054
3.77015
3.76993
3.77093
3.77077
3.7705
3.76607
3.77086
3.7707
3.77079
3.77023
3.77024
3.76595
3.77052
3.76439
3.76456
3.77056
3.76418
3.77081
3.77058
3.77039
3.7709
3.76968
3.77008
3.77089
3.77086
3.76852
3.77071
3.77031
3.77051
3.77092
3.77086
3.77069
3.77085
3.77013
3.77076
3.76872
3.77088
3.76994
3.76965
3.77072
3.76866
3.77022
3.7708
3.77094
3.77093
3.76597
3.77085
3.77057
3.77092
3.7709
3.76495
3.77093
3.77094
3.77094
3.77081
3.77056
3.77059
3.76988
3.76947
3.77092
3.76986
3.77065
3.77082
3.76496
3.77065
3.76567
3.77088
3.77064
3.77084
3.77044
3.77075
3.76802
3.76976
3.76477
3.77048
3.77044
3.77027
3.77082
3.77084
3.77093
3.77089
3.77044
3.7676
3.77088
3.77091
3.77015
3.77088
3.77075
3.77078
3.7704
3.77076
3.77076
3.76608
3.76945
3.77082
3.77072
3.76536
3.77094
3.77084
3.77081
3.76888
3.77089
3.76936
3.76953
3.77084
3.76489
3.77091
3.77053
3.77089
3.77047
3.77056
3.7708
3.77091
3.77072
3.77082
3.7709
3.77078
3.77088
3.7709
3.77084
3.7667
3.76989
3.7704
3.7709
3.77089
3.77016
3.77048
3.77076
3.77082
3.77059
3.7707
3.77054
3.77005
3.77074
3.77092
3.77074
3.76841
3.77084
3.77052
3.77005
3.77032
3.77091
3.76895
3.76947
3.77078
3.77076
3.76823
3.77088
3.76941
3.77006
3.77079
3.76989
3.77012
3.77092
3.77078
3.77026
3.76919
3.77093
3.77088
3.7693
3.77019
3.76573
3.7709
3.77092
3.76663
3.77086
3.77085
3.77034
3.77047
3.76825
3.76786
3.7708
3.77087
3.77085
3.76895
3.7692
3.77089
3.77084
3.76491
3.7701
3.76982
3.77001
3.77076
3.76878
3.77037
3.7708
3.77021
3.76995
3.77057
3.77087
3.77093
3.76531
3.77094
3.77072
3.76922
3.76979
3.76912
3.77061
3.77061
3.77081
3.77054
3.77048
3.77069
3.77046
3.77087
3.77069
3.77076
3.76901
3.77027
3.77082
3.77079
3.77011
3.77092
3.77092
3.7659
3.76514
3.77076
3.77089
3.76957
3.77086
3.767
3.77075
3.77008
3.76889
3.76557
3.76961
3.77076
3.76956
3.77068
3.77073
3.77083
3.7708
3.77034
3.77093
3.77061
3.77083
3.76951
3.76884
3.76746
3.76998
3.76895
3.76998
3.76965
3.77093
3.76418
3.77089
3.77057
3.77085
3.76783
3.77073
3.77093
3.76962
3.77092
3.77077
3.76684
3.77032
3.7709
3.77054
3.77084
3.77082
3.76787
3.76967
3.77066
3.77091
3.77088
3.77079
3.77091
3.77071
3.77083
3.76918
3.77091
3.77057
3.77066
3.77072
3.77074
3.77094
3.77063
3.77011
3.77079
3.77093
3.77092
3.76986
3.77084
3.77094
3.76988
3.77084
3.77062
3.77022
3.76903
3.76966
3.76893
3.76989
3.76948
3.77067
3.7674
3.77093
3.76924
3.77072
3.7706
3.77089
3.77026
3.77024
3.77089
3.76906
3.77081
3.77086
3.76427
3.76998
3.77051
3.76567
3.76959
3.77068
3.7643
3.7647
3.77094
3.77086
3.77075
3.77079
3.77085
3.77062
3.7696
3.77092
3.77084
3.7703
3.77094
3.77061
3.77084
3.77093
3.77081
3.77013
3.77091
3.77081
3.76798
3.7706
3.7707
3.76658
3.76938
3.7698
3.77069
3.76554
3.76995
3.76884
3.77092
3.77081
3.77079
3.77087
3.77076
3.76886
3.77019
3.77057
3.76405
3.7709
3.77064
3.76772
3.7704
3.77084
3.77019
3.77079
3.77008
3.7667
3.77035
3.77092
3.76947
3.77051
3.76984
3.77081
3.76988
3.77092
3.77072
3.77015
3.77071
3.77028
3.77093
3.77069
3.7708
3.77044
3.76708
3.77086
3.77078
3.76928
3.77073
3.77094
3.7706
3.76827
3.77081
3.77071
3.7698
3.76837
3.77054
3.77015
3.77088
3.77082
3.77034
3.77093
3.77021
3.76827
3.77057
3.76532
3.76444
3.77075
3.77084
3.77085
3.76926
3.77075
3.77075
3.77086
3.77079
3.7708
3.76883
3.77089
3.7706
3.77008
3.77072
3.77073
3.76956
3.77006
3.76847
3.76474
3.76992
3.76514
3.77088
3.77088
3.77052
3.77066
3.76942
3.77068
3.77046
3.77018
3.76992
3.7703
3.77074
3.76917
3.77082
3.77008
3.7706
3.77011
3.77093
3.77048
3.77081
3.7702
3.77005
3.77094
3.77063
3.77086
3.77086
3.77068
3.7701
3.77028
3.77077
3.77094
3.77065
3.76769
3.77082
3.76908
3.77056
3.77072
3.76953
3.77091
3.77092
3.76997
3.77087
3.77084
3.76975
3.76801
3.76928
3.77076
3.77035
3.77057
3.76934
3.76433
3.77011
3.76972
3.77089
3.77085
3.77059
3.77082
3.77093
3.77089
3.76981
3.77008
3.7709
3.77094
3.77087
3.77052
3.76607
3.77092
3.76989
3.77073
3.77002
3.77049
3.76385
3.77091
3.77081
3.77091
3.77084
3.76723
3.77056
3.77012
3.77029
3.77052
3.77061
3.7704
3.77091
3.76879
3.77087
3.77025
3.77092
3.76861
3.77006
3.76991
3.77091
3.7643
3.77046
3.76925
3.77058
3.77022
3.77019
3.77093
3.77035
3.76786
3.76919
3.77092
3.76929
3.76977
3.77045
3.77058
3.77079
3.77062
3.77088
3.76874
3.76814
3.77079
3.77011
3.76836
3.77073
3.7709
3.77086
3.77077
3.77063
3.77082
3.76873
3.7674
3.76931
3.77064
3.76796
3.77076
3.76963
3.77075
3.76594
3.77064
3.77082
3.77083
3.77094
3.77092
3.77039
3.76881
3.77073
3.77094
3.76867
3.77081
3.77047
3.77093
3.77094
3.77067
3.77085
3.77041
3.77087
3.77087
3.76959
3.77088
3.7704
3.7709
3.77093
3.76842
3.77002
3.77026
3.76905
3.77069
3.77086
3.77002
3.76974
3.77087
3.77043
3.77046
3.77093
3.77094
3.77093
3.77092
3.7709
3.77077
3.76994
3.77043
3.77089
3.77088
3.77044
3.77086
3.77088
3.76385
3.77054
3.77057
3.77033
3.7699
3.77044
3.77076
3.76933
3.77074
3.77055
3.76746
3.77015
3.77052
3.77057
3.77023
3.77085
3.77088
3.77089
3.77022
3.76402
3.77089
3.77094
3.77059
3.76807
3.77069
3.77013
3.76964
3.77015
3.7654
3.77092
3.77079
3.76971
3.76735
3.77093
3.77017
3.7691
3.77087
3.77074
3.77092
3.77089
3.76438
3.77037
3.77028
3.76454
3.77028
3.77036
3.77084
3.77093
3.77082
3.76388
3.76488
3.77093
3.76907
3.77079
3.77067
3.76875
3.77094
3.76807
3.77009
3.76569
3.7695
3.77082
3.76877
3.7704
3.77001
3.7709
3.77091
3.77057
3.77089
3.77026
3.77089
3.77071
3.7709
3.77094
3.76996
3.76525
3.76409
3.76932
3.77092
3.77059
3.77087
3.76971
3.76395
3.76975
3.76983
3.76948
3.77049
3.77093
3.77057
3.77094
3.77042
3.76962
3.77092
3.7707
3.76743
3.76847
3.76709
3.77074
3.77036
3.76974
3.76596
3.77079
3.77017
3.7705
3.77039
3.76996
3.77072
3.77087
3.76785
3.76454
3.77085
3.77085
3.77069
3.77068
3.77068
3.77032
3.77061
3.77019
3.77078
3.76504
3.77085
3.7696
3.76816
3.76906
3.76868
3.77053
3.77045
3.7702
3.76498
3.77026
3.76993
3.77081
3.77091
3.77082
3.77075
3.77067
3.77088
3.76947
3.77068
3.77026
3.77034
3.77059
3.77058
3.77091
3.77061
3.77051
3.77079
3.77061
3.77083
3.77039
3.76525
3.76844
3.77046
3.77078
3.77094
3.77084
3.77073
3.76932
3.77062
3.77035
3.77064
3.76653
3.76938
3.77093
3.76811
3.77042
3.77041
3.76448
3.77078
3.77083
3.77048
3.77042
3.76825
3.76952
3.77085
3.76917
3.77052
3.77087
3.7691
3.76924
3.77078
3.77071
3.77046
3.76707
3.77068
3.77087
3.76755
3.77094
3.77086
3.76837
3.76443
3.77086
3.77092
3.77088
3.77059
3.7708
3.77048
3.77077
3.77017
3.76852
3.77071
3.7682
3.77075
3.77061
3.76968
3.76731
3.77084
3.76976
3.77075
3.7707
3.77041
3.76852
3.77085
3.76941
3.76906
3.76896
3.77047
3.77023
3.7709
3.77083
3.76962
3.77091
3.77015
3.77086
3.77093
3.77025
3.76422
3.76997
3.77093
3.77086
3.77037
3.77081
3.77086
3.7709
3.76912
3.77087
3.77083
3.77072
3.77087
3.77021
3.77056
3.76873
3.76937
3.76739
3.77076
3.77074
3.77066
3.77092
3.7707
3.7708
3.76969
3.77075
3.76632
3.77069
3.77028
3.7706
3.77072
3.77061
3.76557
3.77051
3.7709
3.77023
3.77065
3.7698
3.77058
3.77087
3.7705
3.77093
3.76883
3.76903
3.77071
3.7707
3.77047
3.7707
3.76585
3.77092
3.7708
3.77068
3.76946
3.76982
3.77074
3.77058
3.77019
3.7708
3.77092
3.77024
3.77052
3.77046
3.77054
3.77049
3.77069
3.76918
3.77075
3.7649
3.77043
3.7707
3.77066
3.77092
3.76637
3.76978
3.76815
3.77094
3.77073
3.77058
3.7641
3.77021
3.77001
3.76901
3.77026
3.77057
3.76968
3.77057
3.76564
3.76974
3.76794
3.76755
3.77061
3.77093
3.77044
3.77003
3.77058
3.76944
3.77088
3.77091
3.77081
3.77017
3.77034
3.77068
3.77088
3.7705
3.76769
3.77081
3.76641
3.76894
3.77093
3.77071
3.77065
3.7697
3.77093
3.77081
3.76897
3.77065
3.76922
3.77086
3.76616
3.77064
3.77091
3.77051
3.77088
3.77092
3.77088
3.77066
3.7708
3.76395
3.77092
3.76945
3.77056
3.77062
3.76864
3.77091
3.77087
3.76999
3.77091
3.77035
3.77093
3.76957
3.77091
3.77089
3.77026
3.77093
3.76989
3.76895
3.77016
3.77076
3.77048
3.77079
3.77064
3.76834
3.77024
3.77075
3.77079
3.76935
3.77045
3.77081
3.76907
3.77058
3.76825
3.77086
3.77086
3.77088
3.77083
3.77078
3.7707
3.77085
3.77078
3.77071
3.76685
3.77035
3.77006
3.77092
3.76999
3.7706
3.77089
3.77059
3.77086
3.77011
3.7709
3.77006
3.76914
3.77071
3.77081
3.769
3.77087
3.77092
3.76915
3.77072
3.76983
3.77091
3.76404
3.7707
3.77089
3.77081
3.77076
3.77072
3.77079
3.76958
3.77079
3.77066
3.77085
3.76869
3.7709
3.76705
3.77088
3.77057
3.77077
3.77081
3.77054
3.77085
3.76475
3.77088
3.77034
3.77085
3.76874
3.77022
3.77055
3.76932
3.77094
3.76801
3.7699
3.77078
3.77086
3.76491
3.77078
3.77038
3.77059
3.77093
3.77045
3.76853
3.77048
3.77073
3.77094
3.76868
3.7707
3.77084
3.77041
3.76914
3.77015
3.77051
3.77069
3.77094
3.77078
3.77048
3.76971
3.77032
3.77059
3.77044
3.77005
3.76928
3.77015
3.76846
3.77046
3.77084
3.77008
3.76907
3.76694
3.77086
3.77075
3.7709
3.76481
3.77076
3.7708
3.77078
3.77048
3.77088
3.77078
3.76385
3.77089
3.77001
3.77092
3.77016
3.76996
3.77088
3.7709
3.77048
3.76482
3.77058
3.76952
3.77019
3.76744
3.77081
3.77062
3.77036
3.77067
3.77093
3.76821
3.77073
3.7687
3.77066
3.77093
3.76977
3.77076
3.77076
3.77089
3.77068
3.77088
3.76393
3.77064
3.77094
3.76942
3.7684
3.76801
3.77087
3.77068
3.77089
3.77067
3.77087
3.77083
3.7709
3.77027
3.77089
3.7661
3.77035
3.76899
3.76982
3.76814
3.76753
3.77093
3.76999
3.77089
3.77073
3.76893
3.77072
3.7695
3.76929
3.77071
3.77046
3.77076
3.77021
3.77023
3.77083
3.76658
3.77065
3.77085
3.77088
3.77076
3.77088
3.76654
3.76952
3.77091
3.77089
3.76514
3.77086
3.77074
3.77069
3.77092
3.76918
3.76933
3.76966
3.7707
3.77094
3.7709
3.77094
3.7705
3.7709
3.76872
3.77061
3.77034
3.76684
3.7697
3.7708
3.7682
3.76972
3.76491
3.76984
3.77088
3.77046
3.7707
3.76527
3.76991
3.7703
3.7709
3.76604
3.77091
3.77063
3.77074
3.77077
3.767
3.76944
3.77091
3.77085
3.7709
3.76858
3.76929
3.76609
3.77076
3.7709
3.77047
3.77025
3.77003
3.77046
3.77089
3.76853
3.77019
3.77092
3.77089
3.7682
3.77094
3.77093
3.77092
3.77073
3.76776
3.76998
3.7707
3.77072
3.76878
3.77087
3.77078
3.77081
3.77067
3.77093
3.77053
3.76951
3.76936
3.7709
3.77091
3.77091
3.7709
3.77055
3.77094
3.77094
3.77065
3.77088
3.77064
3.77094
3.77094
3.77075
3.77092
3.77003
3.77075
3.76401
3.77094
3.76548
3.77087
3.77021
3.77089
3.76988
3.77068
3.76391
3.76985
3.7709
3.76966
3.77092
3.77069
3.77073
3.76788
3.77091
3.77069
3.769
3.765
3.77093
3.76528
3.76858
3.77007
3.77035
3.77092
3.76434
3.77006
3.77085
3.77024
3.77094
3.77089
3.77062
3.76391
3.76633
3.77069
3.7705
3.77079
3.7709
3.77078
3.76932
3.77077
3.76993
3.77082
3.77092
3.77058
3.7708
3.77085
3.77089
3.77073
3.77091
3.77083
3.77083
3.7709
3.77009
3.7704
3.76906
3.76388
3.77082
3.77068
3.77088
3.77048
3.77084
3.77091
3.7709
3.76985
3.76438
3.76427
3.77091
3.76517
3.77018
3.77089
3.76997
3.77061
3.77044
3.77078
3.77091
3.77044
3.77094
3.77078
3.77093
3.76725
3.77089
3.7709
3.77093
3.77089
3.77039
3.77088
3.77042
3.7707
3.77063
3.77074
3.76937
3.76999
3.77051
3.77093
3.77025
3.76922
3.77047
3.77069
3.7707
3.76417
3.77065
3.77091
3.77005
3.77074
3.77068
3.77067
3.77093
3.77048
3.77069
3.7705
3.77093
3.77085
3.77089
3.77036
3.77092
3.77069
3.76704
3.77034
3.77091
3.77043
3.77069
3.76646
3.77044
3.77026
3.77092
3.76808
3.76835
3.76982
3.76631
3.77057
3.77007
3.7709
3.77082
3.77079
3.77075
3.77082
3.77092
3.77089
3.77048
3.7701
3.7709
3.77087
3.76833
3.76544
3.77056
3.77093
3.77023
3.76587
3.77092
3.76568
3.76869
3.77094
3.77052
3.77094
3.76507
3.77094
3.76985
3.77092
3.76642
3.76939
3.77054
3.76694
3.76541
3.77094
3.77077
3.76431
3.77048
3.76637
3.77082
3.77052
3.7709
3.77086
3.77084
3.77065
3.77078
3.77093
3.7698
3.77058
3.77093
3.77087
3.7692
3.76932
3.77058
3.77091
3.77087
3.77081
3.77089
3.77092
3.76952
3.76408
3.77062
3.77027
3.7696
3.77046
3.77058
3.77072
3.77062
3.77043
3.7708
3.77039
3.77076
3.77003
3.77078
3.77073
3.77039
3.76454
3.76906
3.77006
3.77048
3.77092
3.77036
3.77065
3.77092
3.77081
3.7701
3.76956
3.77059
3.76838
3.7709
3.77003
3.77087
3.77076
3.77058
3.77045
3.77073
3.77059
3.7681
3.76862
3.77092
3.7697
3.76812
3.76546
3.77059
3.76874
3.77076
3.77009
3.77089
3.77092
3.77089
3.7708
3.76995
3.76941
3.77026
3.77071
3.77093
3.77031
3.77089
3.76914
3.76696
3.76776
3.77052
3.77086
3.77085
3.76946
3.77089
3.76974
3.7698
3.76962
3.7708
3.77084
3.77034
3.76953
3.76821
3.7708
3.7709
3.77084
3.76855
3.76897
3.77094
3.77081
3.77045
3.77068
3.76956
3.76988
3.77068
3.76941
3.76616
3.77089
3.77092
3.77061
3.77079
3.7697
3.77059
3.7702
3.77094
3.76998
3.77055
3.76636
3.76818
3.76645
3.76807
3.77032
3.77083
3.77068
3.77025
3.77093
3.76804
3.77091
3.7707
3.77091
3.77082
3.77065
3.77052
3.77067
3.77081
3.76949
3.76809
3.77049
3.77087
3.77085
3.77092
3.7709
3.77019
3.76511
3.77086
3.77088
3.77038
3.77059
3.76489
3.77047
3.77048
3.77082
3.7706
3.77076
3.76998
3.77085
3.77037
3.77057
3.77064
3.77091
3.76852
3.7658
3.77074
3.77054
3.76921
3.77082
3.77085
3.77083
3.77091
3.77056
3.77094
3.77089
3.7709
3.76649
3.77063
3.77023
3.77049
3.77063
3.76779
3.77082
3.77057
3.77028
3.77074
3.76745
3.77069
3.77064
3.77084
3.77057
3.76878
3.77087
3.77088
3.77074
3.77092
3.77093
3.7699
3.76629
3.76938
3.76817
3.77093
3.77091
3.77089
3.76992
3.77084
3.76982
3.77094
3.77065
3.77054
3.76812
3.76995
3.77069
3.77077
3.77043
3.76757
3.77076
3.76898
3.77094
3.77048
3.76927
3.77085
3.7704
3.77088
3.77031
3.77072
3.77047
3.76942
3.77035
3.76731
3.77084
3.76922
3.76977
3.77068
3.77091
3.77017
3.7707
3.76957
3.77073
3.77066
3.77078
3.76504
3.77085
3.77082
3.76444
3.77082
3.76797
3.77078
3.764
3.77074
3.77078
3.77071
3.77087
3.76934
3.77019
3.76873
3.7709
3.7709
3.77078
3.77074
3.7695
3.77093
3.7702
3.77094
3.7709
3.76853
3.77086
3.77015
3.77052
3.7709
3.77083
3.77065
3.77044
3.77001
3.77031
3.77018
3.77082
3.77088
3.7699
3.77071
3.77091
3.77
3.77081
3.77011
3.77047
3.77002
3.77038
3.77071
3.77086
3.7672
3.77081
3.76984
3.77071
3.77067
3.77082
3.77091
3.77077
3.77057
3.77064
3.77091
3.77062
3.77094
3.77086
3.77047
3.77091
3.77077
3.77091
3.76968
3.77056
3.77084
3.76819
3.77074
3.77048
3.77078
3.76899
3.76507
3.77071
3.77055
3.77082
3.77082
3.77074
3.77029
3.76901
3.77031
3.77093
3.77029
3.76961
3.76919
3.76385
3.76743
3.77093
3.77013
3.76902
3.76844
3.76706
3.77091
3.77085
3.76579
3.77052
3.77085
3.77093
3.77067
3.77086
3.77064
3.76477
3.77007
3.77052
3.77066
3.76788
3.77047
3.77064
3.77094
3.7708
3.77063
3.77055
3.77092
3.76415
3.77039
3.77085
3.77077
3.76875
3.77086
3.76755
3.77077
3.77042
3.77
3.76957
3.77089
3.77083
3.77089
3.7709
3.77093
3.77092
3.76392
3.76484
3.76926
3.77092
3.76944
3.77092
3.77081
3.77094
3.77039
3.77069
3.77047
3.77051
3.77018
3.76955
3.77024
3.77079
3.77073
3.77081
3.76994
3.77082
3.77083
3.76994
3.77042
3.77041
3.77091
3.77064
3.77075
3.77075
3.76803
3.77031
3.77004
3.77062
3.76859
3.77027
3.77072
3.76777
3.77048
3.77028
3.77024
3.76795
3.76998
3.77083
3.76725
3.76767
3.77057
3.77034
3.76941
3.7666
3.77092
3.77087
3.77078
3.77067
3.77089
3.7706
3.77065
3.77089
3.77068
3.77015
3.77041
3.77084
3.7663
3.7679
3.77081
3.77086
3.77071
3.77023
3.77075
3.77091
3.76594
3.77094
3.77026
3.77086
3.76804
3.7709
3.7709
3.77026
3.77046
3.76759
3.7702
3.76836
3.77075
3.77091
3.77083
3.77049
3.76766
3.77081
3.77093
3.77083
3.7675
3.76942
3.77079
3.77031
3.7699
3.77078
3.7688
3.77028
3.77027
3.76683
3.77073
3.77079
3.77083
3.77036
3.77078
3.77057
3.77093
3.77094
3.76897
3.77062
3.77085
3.77077
3.77078
3.7704
3.77072
3.77042
3.77036
3.77087
3.76469
3.76944
3.77092
3.77005
3.77088
3.77054
3.76526
3.77084
3.77094
3.77056
3.76995
3.77015
3.76872
3.77083
3.77064
3.77066
3.77081
3.77063
3.77082
3.76814
3.77068
3.77063
3.77054
3.77069
3.7658
3.77094
3.77047
3.77061
3.77083
3.77065
3.77051
3.76915
3.76968
3.77092
3.77072
3.77089
3.76639
3.77028
3.77089
3.77072
3.77085
3.77029
3.77089
3.76992
3.77054
3.76551
3.77028
3.76403
3.77074
3.77087
3.76465
3.76923
3.77034
3.77062
3.77015
3.77084
3.76908
3.77002
3.77048
3.76754
3.77074
3.77093
3.77069
3.77046
3.77079
3.77081
3.77085
3.76904
3.7709
3.77052
3.7706
3.77046
3.7709
3.76982
3.77041
3.76892
3.77013
3.76437
3.77076
3.77091
3.77088
3.76999
3.77078
3.77087
3.77092
3.76591
3.77067
3.77089
3.77071
3.76466
3.76681
3.77082
3.76817
3.77091
3.7707
3.77091
3.76398
3.76993
3.77088
3.77077
3.7705
3.77081
3.76885
3.77075
3.76979
3.76934
3.76836
3.77094
3.77053
3.77079
3.7709
3.7704
3.77048
3.77058
3.76954
3.77087
3.77007
3.77078
3.77092
3.7709
3.76946
3.76436
3.77094
3.76826
3.77046
3.77015
3.77068
3.77058
3.77093
3.77084
3.76968
3.76483
3.76987
3.76999
3.76919
3.77087
3.77034
3.7703
3.7705
3.7707
3.7703
3.77077
3.77026
3.77089
3.77043
3.76917
3.76775
3.76996
3.76996
3.77084
3.76988
3.77094
3.77087
3.7709
3.77082
3.77016
3.77065
3.77068
3.77091
3.77093
3.7709
3.7708
3.76953
3.7708
3.77059
3.77069
3.77023
3.76785
3.76948
3.77073
3.77085
3.77081
3.76787
3.77064
3.77063
3.77088
3.77089
3.7704
3.77061
3.77076
3.76679
3.77061
3.77094
3.77093
3.77087
3.76977
3.7708
3.77081
3.77085
3.77037
3.76736
3.7709
3.7703
3.76898
3.77087
3.77055
3.76822
3.77063
3.76878
3.77088
3.77086
3.77043
3.76902
3.76975
3.7708
3.77094
3.77093
3.77087
3.77085
3.77093
3.76949
3.77091
3.76732
3.77065
3.77093
3.77086
3.77088
3.77041
3.77033
3.77089
3.7688
3.76867
3.77091
3.77052
3.77057
3.7708
3.77061
3.76974
3.77086
3.77076
3.76752
3.77052
3.7697
3.77083
3.77071
3.77074
3.76993
3.77066
3.76997
3.76854
3.76944
3.77056
3.76938
3.76888
3.77043
3.77085
3.77088
3.77088
3.76922
3.77087
3.76775
3.77083
3.76399
3.77094
3.77029
3.77079
3.76589
3.77073
3.77077
3.76959
3.7685
3.77091
3.76901
3.76842
3.77006
3.77076
3.76889
3.76575
3.77075
3.77092
3.76998
3.76976
3.76862
3.76405
3.7696
3.77081
3.76936
3.77077
3.7703
3.77084
3.76906
3.76908
3.76987
3.7708
3.7704
3.77047
3.76953
3.77058
3.7707
3.76575
3.77026
3.77091
3.76893
3.76617
3.77028
3.76863
3.76957
3.76941
3.76993
3.7684
3.77074
3.7707
3.77093
3.76948
3.77065
3.76996
3.77067
3.77085
3.76694
3.77043
3.76968
3.76562
3.7709
3.77081
3.77091
3.76912
3.77087
3.7709
3.77041
3.77087
3.76979
3.77024
3.76497
3.77072
3.76933
3.77005
3.77024
3.76943
3.76816
3.77092
3.7707
3.77085
3.77055
3.77047
3.7706
3.77023
3.7678
3.77078
3.7697
3.77008
3.7705
3.77012
3.77092
3.76983
3.77092
3.76769
3.77032
3.77089
3.77093
3.77057
3.77076
3.77077
3.7705
3.77089
3.7701
3.77025
3.76864
3.7705
3.77083
3.77076
3.77075
3.77071
3.77079
3.77018
3.76973
3.77088
3.77092
3.76909
3.77086
3.76707
3.77081
3.77081
3.77073
3.77091
3.76443
3.77028
3.77091
3.77034
3.77037
3.76707
3.76961
3.7697
3.76976
3.77093
3.77042
3.76988
3.76993
3.77001
3.77049
3.77091
3.77082
3.77083
3.76503
3.77075
3.76865
3.76883
3.77087
3.76985
3.77056
3.76822
3.77045
3.77045
3.77089
3.77052
3.77085
3.7707
3.77086
3.77089
3.77047
3.7699
3.76822
3.77082
3.77017
3.77049
3.77091
3.77092
3.77094
3.77091
3.77068
3.77087
3.77089
3.77092
3.76848
3.77005
3.7709
3.76927
3.76852
3.77052
3.77094
3.76796
3.77034
3.76875
3.77067
3.77037
3.77089
3.77023
3.77094
3.7709
3.7708
3.7682
3.77078
3.76946
3.77089
3.77092
3.77087
3.77
3.76813
3.77015
3.77068
3.77076
3.7708
3.77092
3.77091
3.76431
3.76878
3.77048
3.77076
3.7704
3.77017
3.77077
3.76432
3.76391
3.77082
3.76602
3.77091
3.76763
3.7695
3.77065
3.7708
3.77065
3.77091
3.77078
3.77068
3.76769
3.77067
3.77084
3.77091
3.77088
3.76505
3.77045
3.77015
3.77045
3.76954
3.77068
3.77073
3.77073
3.76977
3.76985
3.77079
3.7707
3.77091
3.77085
3.7707
3.77048
3.77041
3.77089
3.77036
3.7709
3.77092
3.76654
3.77084
3.77092
3.7684
3.76422
3.77062
3.77093
3.76933
3.77071
3.77032
3.77085
3.77083
3.77083
3.77085
3.76951
3.77091
3.77092
3.76927
3.7692
3.77091
3.77089
3.77089
3.76971
3.77075
3.77007
3.77091
3.77092
3.77052
3.77049
3.77093
3.76946
3.77056
3.77037
3.77093
3.77005
3.7683
3.76958
3.76724
3.76872
3.77073
3.77002
3.77049
3.77065
3.76982
3.77069
3.77024
3.77055
3.7709
3.77061
3.77088
3.77083
3.77092
3.77016
3.76904
3.77057
3.76971
3.77032
3.77078
3.77041
3.77093
3.77093
3.76992
3.76986
3.77083
3.76552
3.77044
3.77069
3.76474
3.77027
3.77014
3.77082
3.77063
3.7674
3.77071
3.77091
3.76679
3.77021
3.76848
3.77094
3.76987
3.77015
3.76973
3.76833
3.77089
3.77048
3.77085
3.76833
3.76927
3.76862
3.76967
3.77083
3.77048
3.7708
3.77018
3.76925
3.77084
3.76875
3.77074
3.76888
3.7696
3.77069
3.77081
3.77056
3.77038
3.77082
3.76999
3.77082
3.7709
3.77073
3.76768
3.77056
3.77011
3.77064
3.77094
3.77077
3.77084
3.77037
3.77083
3.77049
3.77092
3.76931
3.77083
3.77014
3.77088
3.77085
3.76505
3.77084
3.76385
3.77084
3.77039
3.77088
3.77061
3.77087
3.76957
3.77094
3.77092
3.77086
3.76999
3.77066
3.77064
3.77022
3.76974
3.77089
3.77091
3.77058
3.77035
3.77018
3.77058
3.77089
3.7708
3.77082
3.76933
3.77093
3.77014
3.77079
3.77087
3.76869
3.76797
3.77089
3.77089
3.77022
3.76968
3.76945
3.77092
3.7709
3.77086
3.77063
3.77094
3.76878
3.77052
3.7706
3.77066
3.77079
3.7707
3.77086
3.76909
3.7703
3.77091
3.77011
3.76955
3.76767
3.77093
3.77046
3.77019
3.77091
3.77069
3.7706
3.77076
3.77027
3.77091
3.77092
3.7694
3.77085
3.76749
3.77093
3.77076
3.77094
3.77081
3.77081
3.7639
3.77066
3.77093
3.77091
3.77088
3.77063
3.7707
3.77086
3.7706
3.77033
3.7703
3.76991
3.77066
3.77089
3.77054
3.76861
3.77057
3.77093
3.77058
3.76995
3.7709
3.77091
3.76865
3.76864
3.76954
3.7709
3.77093
3.77071
3.7704
3.76984
3.77047
3.77085
3.77062
3.77087
3.77083
3.77032
3.77092
3.77063
3.76778
3.7646
3.76972
3.77047
3.76921
3.77086
3.77085
3.76951
3.77075
3.77074
3.77062
3.77066
3.77018
3.77068
3.77094
3.76952
3.76831
3.77062
3.77077
3.76863
3.7707
3.77087
3.77094
3.7681
3.77086
3.77053
3.77011
3.77091
3.77014
3.76783
3.77091
3.7708
3.77016
3.7708
3.77018
3.77094
3.77093
3.76999
3.77052
3.76445
3.77063
3.77092
3.76782
3.77071
3.7709
3.77032
3.77028
3.7709
3.77004
3.76795
3.76484
3.77094
3.76878
3.76861
3.77016
3.76756
3.76937
3.77074
3.77091
3.77031
3.77065
3.77072
3.77082
3.77083
3.77078
3.77052
3.77092
3.77088
3.77031
3.76432
3.77065
3.76457
3.77024
3.77053
3.77058
3.76985
3.7699
3.77031
3.77088
3.77083
3.76687
3.76865
3.77094
3.77038
3.77091
3.77084
3.77093
3.76904
3.77082
3.7656
3.77071
3.77082
3.77093
3.77094
3.76492
3.77048
3.77068
3.76946
3.77086
3.77077
3.77081
3.77091
3.76857
3.77094
3.77074
3.7709
3.77019
3.77082
3.77018
3.76934
3.77007
3.77087
3.77086
3.7705
3.76707
3.77088
3.76906
3.76867
3.77071
3.77078
3.76851
3.7693
3.7699
3.77001
3.77092
3.77024
3.77071
3.76974
3.76962
3.77065
3.77092
3.77049
3.77063
3.77078
3.77091
3.76947
3.77056
3.77032
3.77088
3.77038
3.7708
3.77013
3.76773
3.76935
3.77055
3.76908
3.76445
3.76971
3.77083
3.77072
3.77039
3.77094
3.7708
3.77094
3.77083
3.77076
3.7709
3.76949
3.77091
3.77085
3.7709
3.76996
3.7704
3.77055
3.77081
3.77086
3.76993
3.77051
3.77053
3.77093
3.77027
3.77091
3.77081
3.77004
3.76946
3.77085
3.77049
3.77083
3.77012
3.76984
3.77002
3.77044
3.77005
3.7685
3.77002
3.77089
3.77085
3.76706
3.77091
3.77077
3.77091
3.77052
3.76946
3.7704
3.77077
3.77051
3.76899
3.76869
3.76828
3.77088
3.76959
3.76678
3.77089
3.77061
3.76513
3.77082
3.77088
3.77093
3.77072
3.77057
3.77061
3.76488
3.77003
3.77017
3.77077
3.7707
3.76919
3.7706
3.76992
3.77065
3.77017
3.77004
3.77062
3.77072
3.77061
3.77042
3.77001
3.77093
3.7706
3.76907
3.76996
3.76995
3.76866
3.77021
3.76935
3.77089
3.77059
3.77054
3.77069
3.77092
3.77049
3.77089
3.77094
3.77067
3.77076
3.7708
3.77059
3.77067
3.77076
3.7676
3.76918
3.76834
3.77094
3.77081
3.77085
3.76898
3.76766
3.77085
3.76908
3.77085
3.77094
3.76978
3.76943
3.77012
3.76896
3.77093
3.77055
3.77077
3.77025
3.77086
3.77092
3.77062
3.77094
3.77038
3.77049
3.76924
3.77017
3.76864
3.77091
3.77052
3.76685
3.76821
3.77055
3.77055
3.77091
3.77081
3.7641
3.77093
3.77018
3.76966
3.76452
3.76504
3.76449
3.77055
3.77089
3.77073
3.77075
3.77073
3.7708
3.77034
3.77024
3.76987
3.77058
3.7704
3.77089
3.76576
3.77072
3.76859
3.77079
3.77001
3.77087
3.77063
3.77005
3.77001
3.77048
3.77094
3.77082
3.76953
3.77086
3.7653
3.76396
3.76976
3.77091
3.77058
3.77008
3.77074
3.76969
3.77091
3.77031
3.76893
3.77091
3.77092
3.76958
3.7709
3.76809
3.77077
3.77032
3.76389
3.76461
3.77093
3.7702
3.77026
3.77048
3.76962
3.77091
3.76482
3.77061
3.77092
3.77093
3.77094
3.77088
3.77092
3.77082
3.77086
3.77049
3.77094
3.76977
3.77083
3.77081
3.77089
3.77067
3.77093
3.77092
3.76683
3.77014
3.77079
3.77048
3.77092
3.77088
3.76971
3.77009
3.76999
3.77093
3.77056
3.77069
3.77058
3.77089
3.77075
3.77081
3.77024
3.77072
3.76945
3.77086
3.77025
3.76611
3.77062
3.77071
3.77025
3.77054
3.76956
3.77087
3.76925
3.7709
3.77091
3.77077
3.7685
3.7702
3.77082
3.77052
3.77048
3.77094
3.76887
3.76675
3.77091
3.7704
3.76887
3.76951
3.77084
3.77067
3.77071
3.77063
3.769
3.77086
3.76921
3.77063
3.77094
3.77092
3.76786
3.77087
3.77053
3.76706
3.77094
3.77089
3.77034
3.77078
3.76981
3.77067
3.77087
3.77089
3.76762
3.77093
3.77084
3.77032
3.77088
3.77081
3.77086
3.77063
3.77089
3.76955
3.77088
3.77091
3.77076
3.77093
3.77034
3.77083
3.77086
3.77084
3.77078
3.76831
3.77069
3.77035
3.76528
3.7708
3.77072
3.77087
3.76958
3.77086
3.77017
3.77068
3.77056
3.77089
3.76943
3.7692
3.77078
3.77081
3.77092
3.77065
3.77064
3.77074
3.7702
3.76848
3.7709
3.77094
3.77018
3.77071
3.77086
3.77088
3.7704
3.76985
3.7708
3.76593
3.77017
3.77016
3.76934
3.76394
3.77018
3.76928
3.77009
3.77088
3.77061
3.77075
3.7708
3.77058
3.77088
3.76532
3.7648
3.77092
3.76574
3.76941
3.7696
3.77081
3.77093
3.77057
3.77062
3.77092
3.76965
3.77054
3.77084
3.77091
3.76956
3.77089
3.77028
3.7709
3.76981
3.77067
3.76951
3.77092
3.77015
3.77033
3.77083
3.77068
3.77086
3.77078
3.76984
3.77068
3.77048
3.77012
3.77082
3.76812
3.76961
3.77067
3.76953
3.77093
3.76858
3.77067
3.76417
3.76968
3.77073
3.77033
3.77082
3.7707
3.7702
3.7708
3.77007
3.77041
3.76783
3.77048
3.76998
3.77084
3.76901
3.76984
3.7707
3.7659
3.77042
3.77063
3.77093
3.77054
3.77007
3.77025
3.76815
3.77058
3.76907
3.77085
3.76921
3.76989
3.76567
3.77026
3.77084
3.77085
3.76656
3.77073
3.76725
3.77072
3.7709
3.77088
3.77077
3.76505
3.77038
3.76988
3.77066
3.77047
3.76882
3.77084
3.7704
3.77074
3.77079
3.77054
3.77002
3.77091
3.77093
3.77056
3.76876
3.77033
3.77093
3.77045
3.77092
3.77017
3.77086
3.7692
3.77077
3.77078
3.77012
3.76921
3.77063
3.76797
3.77076
3.77016
3.77087
3.77002
3.77013
3.77049
3.77055
3.77062
3.77065
3.77088
3.76986
3.77073
3.7708
3.77065
3.76905
3.76687
3.76988
3.76452
3.77083
3.76445
3.77067
3.76812
3.77091
3.765
3.77044
3.77024
3.77079
3.77077
3.77009
3.7707
3.77071
3.76971
3.77068
3.77074
3.77036
3.77093
3.77094
3.77087
3.76992
3.77032
3.77059
3.77085
3.77065
3.77092
3.7706
3.76477
3.77019
3.76787
3.76811
3.76952
3.77055
3.77093
3.77068
3.77079
3.77082
3.77071
3.76922
3.77
3.77088
3.76994
3.7708
3.77086
3.77
3.77093
3.77008
3.77087
3.77092
3.76409
3.77041
3.76775
3.77093
3.77006
3.77064
3.7707
3.77002
3.77087
3.7678
3.77092
3.77047
3.77078
3.77051
3.77093
3.77092
3.77092
3.77065
3.77089
3.76936
3.77063
3.77077
3.77087
3.76995
3.76746
3.77073
3.77078
3.7709
3.76997
3.77093
3.7708
3.77065
3.7709
3.76403
3.77087
3.77093
3.76403
3.77094
3.76873
3.7694
3.76621
3.76982
3.77083
3.76559
3.77087
3.77041
3.77091
3.76964
3.76993
3.77039
3.76393
3.77025
3.77061
3.77029
3.76409
3.77081
3.77069
3.76886
3.76851
3.77034
3.77017
3.7709
3.77079
3.77089
3.77083
3.77002
3.76848
3.77084
3.77092
3.77014
3.7698
3.77073
3.77078
3.76846
3.77034
3.7653
3.77073
3.77091
3.77065
3.76904
3.77034
3.7699
3.76993
3.77082
3.76946
3.77021
3.7692
3.76958
3.77067
3.77016
3.77088
3.77053
3.76459
3.77047
3.76775
3.77088
3.77017
3.76845
3.77082
3.77091
3.76901
3.77017
3.77049
3.76944
3.77068
3.77082
3.77069
3.77091
3.77073
3.76766
3.76927
3.7706
3.77061
3.77094
3.76778
3.76385
3.76719
3.77087
3.77038
3.77094
3.77092
3.76755
3.77081
3.77041
3.76884
3.77052
3.77074
3.77069
3.77073
3.77052
3.77093
3.77079
3.76532
3.77073
3.77089
3.77084
3.7686
3.77077
3.77092
3.77068
3.76595
3.76996
3.77079
3.76508
3.77074
3.77093
3.77056
3.76636
3.77084
3.77028
3.77047
3.77094
3.77092
3.77056
3.76452
3.77079
3.77057
3.76575
3.76558
3.7707
3.77061
3.76984
3.77044
3.77013
3.77094
3.76979
3.76823
3.77079
3.77093
3.77083
3.77059
3.77092
3.7682
3.77061
3.77032
3.7702
3.76414
3.76888
3.76892
3.77026
3.76914
3.77014
3.77092
3.77092
3.77086
3.77062
3.77092
3.77072
3.76921
3.76989
3.77082
3.76972
3.77091
3.77061
3.77093
3.77009
3.77092
3.7704
3.76857
3.77072
3.76965
3.77071
3.76384
3.77076
3.76988
3.77037
3.7705
3.76802
3.76972
3.77085
3.76787
3.77092
3.77036
3.77069
3.7694
3.76475
3.77059
3.77076
3.77029
3.77086
3.77088
3.77066
3.77006
3.77033
3.76931
3.77058
3.77059
3.7685
3.7702
3.77085
3.77003
3.77008
3.7708
3.77085
3.76768
3.76769
3.77091
3.77094
3.76813
3.77086
3.77011
3.77065
3.77006
3.76905
3.77073
3.77038
3.77035
3.77014
3.77021
3.77076
3.77064
3.77082
3.77092
3.77035
3.76901
3.77074
3.76889
3.77091
3.77094
3.76833
3.77094
3.77073
3.77081
3.77041
3.769
3.76837
3.76923
3.76951
3.76855
3.76667
3.76925
3.77094
3.77088
3.77091
3.77078
3.77039
3.76946
3.76809
3.7707
3.76796
3.77083
3.77052
3.76891
3.7709
3.77093
3.77082
3.76912
3.76932
3.77003
3.76995
3.77093
3.76387
3.77089
3.76975
3.77088
3.76875
3.77083
3.76411
3.76998
3.77025
3.76905
3.76985
3.77035
3.77088
3.77092
3.77074
3.77071
3.7683
3.77052
3.77069
3.77064
3.7706
3.76766
3.77078
3.76765
3.76802
3.76959
3.76491
3.77085
3.77089
3.77059
3.7703
3.7684
3.77048
3.77087
3.76669
3.77085
3.77094
3.76853
3.77079
3.77094
3.77058
3.77089
3.77077
3.77094
3.77057
3.7698
3.77088
3.77067
3.77034
3.77094
3.76792
3.77075
3.76962
3.76966
3.77091
3.77086
3.77081
3.77078
3.77091
3.77047
3.77072
3.77075
3.77015
3.76916
3.77065
3.77059
3.77094
3.76823
3.77078
3.77021
3.77015
3.7709
3.77086
3.76952
3.77042
3.7673
3.76548
3.76986
3.76837
3.76989
3.77084
3.76854
3.7708
3.7708
3.77087
3.77063
3.76696
3.77054
3.77085
3.77058
3.7701
3.77043
3.77094
3.77087
3.76821
3.77088
3.77081
3.77055
3.7708
3.77018
3.76537
3.77059
3.76864
3.7709
3.76855
3.77085
3.77075
3.77093
3.77073
3.76521
3.77063
3.77092
3.7707
3.77054
3.76978
3.77091
3.77085
3.77068
3.77052
3.76876
3.77087
3.7708
3.77084
3.77092
3.76957
3.77044
3.77081
3.77089
3.77073
3.76698
3.77094
3.77069
3.77085
3.77057
3.77088
3.7709
3.77081
3.76967
3.76866
3.77092
3.76383
3.77049
3.76703
3.76753
3.77086
3.77033
3.77093
3.76639
3.77088
3.7709
3.77087
3.76872
3.77073
3.77089
3.77063
3.77012
3.76992
3.77084
3.76783
3.77087
3.76966
3.76967
3.77074
3.77081
3.76982
3.77065
3.76968
3.77089
3.77069
3.77002
3.76947
3.77091
3.77013
3.7702
3.77064
3.76925
3.77041
3.77075
3.77068
3.7707
3.76902
3.77088
3.76895
3.7709
3.77035
3.77083
3.77006
3.76761
3.77091
3.77093
3.77083
3.77074
3.77086
3.7709
3.7652
3.77091
3.77068
3.77088
3.77067
3.76891
3.7699
3.77066
3.77028
3.77086
3.77073
3.76882
3.76927
3.77045
3.77089
3.77027
3.77054
3.7708
3.77068
3.77087
3.76414
3.77087
3.77074
3.77039
3.76768
3.77085
3.77058
3.76991
3.76405
3.76441
3.77062
3.77092
3.76962
3.77086
3.77057
3.77017
3.77074
3.77092
3.77008
3.77055
3.77075
3.77053
3.76864
3.77026
3.77092
3.76763
3.77051
3.76524
3.76982
3.77051
3.76641
3.77089
3.77084
3.77084
3.77061
3.77064
3.7701
3.76428
3.77089
3.77092
3.77088
3.77039
3.76955
3.77094
3.7701
3.76999
3.77056
3.77069
3.77081
3.77094
3.77088
3.77067
3.77008
3.77051
3.77074
3.76999
3.77077
3.76754
3.77094
3.77081
3.76845
3.76996
3.76725
3.76985
3.77072
3.7709
3.77058
3.77079
3.76616
3.77083
3.77072
3.7709
3.76998
3.77087
3.76866
3.7698
3.7684
3.77075
3.77007
3.77083
3.77084
3.76548
3.77078
3.76804
3.77032
3.77091
3.76724
3.77093
3.76465
3.77041
3.77092
3.77068
3.76975
3.76516
3.76457
3.77087
3.7709
3.76951
3.77064
3.77071
3.77072
3.77092
3.7709
3.7706
3.77083
3.7707
3.76688
3.77087
3.76889
3.77079
3.76832
3.77088
3.77091
3.77019
3.7689
3.76482
3.77065
3.77075
3.76894
3.77067
3.76681
3.77075
3.77038
3.76998
3.76989
3.77013
3.77091
3.7709
3.77082
3.77007
3.7678
3.76479
3.77092
3.77083
3.77041
3.77018
3.77073
3.77092
3.77081
3.76644
3.7708
3.77014
3.77074
3.7706
3.76937
3.77088
3.77083
3.77093
3.77066
3.76629
3.77088
3.77046
3.77078
3.77079
3.77087
3.7703
3.77093
3.77067
3.7708
3.7688
3.77065
3.77063
3.77001
3.77091
3.76616
3.77049
3.77087
3.77074
3.77016
3.77007
3.76957
3.76689
3.7703
3.77089
3.76993
3.77085
3.77088
3.77032
3.77084
3.77025
3.77035
3.77089
3.77053
3.77093
3.77083
3.76916
3.77078
3.77091
3.76636
3.76993
3.77093
3.77015
3.76915
3.77091
3.77091
3.77088
3.76972
3.7705
3.77077
3.77058
3.77055
3.76945
3.7706
3.76775
3.77052
3.77074
3.77079
3.7707
3.76769
3.77091
3.77092
3.77059
3.7702
3.76952
3.77027
3.76991
3.76987
3.76847
3.76886
3.77085
3.77089
3.77069
3.77091
3.77046
3.77092
3.77094
3.77066
3.77068
3.7708
3.77037
3.7705
3.7695
3.77081
3.76823
3.77074
3.77092
3.76995
3.77064
3.77085
3.77093
3.77075
3.77092
3.77043
3.77072
3.77052
3.7692
3.77061
3.77084
3.77079
3.77052
3.76933
3.77071
3.7691
3.77088
3.77083
3.77033
3.77085
3.77066
3.76901
3.77062
3.77083
3.77089
3.77061
3.77017
3.76975
3.76437
3.77094
3.77049
3.77022
3.76669
3.76472
3.7649
3.77076
3.77063
3.77055
3.77094
3.76862
3.77076
3.77063
3.77081
3.77053
3.77064
3.7709
3.77042
3.76686
3.77082
3.76976
3.76397
3.7702
3.77075
3.76841
3.77056
3.77079
3.77075
3.76789
3.77033
3.77016
3.77066
3.77056
3.77072
3.77074
3.76914
3.77041
3.76751
3.77083
3.77052
3.76981
3.76867
3.77013
3.77056
3.77082
3.77056
3.77082
3.7704
3.76503
3.76976
3.77068
3.77083
3.77092
3.77094
3.76799
3.7665
3.77064
3.77087
3.77069
3.77073
3.77094
3.76836
3.76983
3.77059
3.77024
3.77065
3.77083
3.77065
3.76837
3.76875
3.77025
3.77091
3.7708
3.77091
3.76673
3.77031
3.77076
3.77028
3.76487
3.77092
3.7709
3.77069
3.77087
3.7706
3.77048
3.77065
3.77075
3.77007
3.77091
3.77091
3.76917
3.76513
3.76995
3.77005
3.76836
3.76734
3.77038
3.77
3.77051
3.77093
3.7685
3.77047
3.7709
3.77092
3.77065
3.77074
3.77058
3.77014
3.7705
3.7707
3.77082
3.77074
3.77041
3.77005
3.77078
3.76947
3.77077
3.77094
3.77087
3.77039
3.77093
3.7707
3.77094
3.76421
3.76849
3.77083
3.77068
3.77085
3.77053
3.77063
3.77058
3.77091
3.76972
3.77088
3.7705
3.77003
3.77039
3.76714
3.77064
3.77077
3.77
3.77039
3.77084
3.77073
3.77074
3.76821
3.7707
3.77001
3.76854
3.77091
3.76956
3.76474
3.77094
3.77088
3.77086
3.76904
3.77048
3.77092
3.77093
3.77062
3.7707
3.77069
3.76491
3.7708
3.76984
3.76927
3.76767
3.76825
3.77001
3.7709
3.76865
3.76636
3.77091
3.77049
3.77069
3.77089
3.77091
3.77088
3.77092
3.77063
3.77094
3.76842
3.77066
3.76871
3.77052
3.77092
3.77071
3.77062
3.7709
3.77066
3.77087
3.77074
3.76942
3.77054
3.77093
3.7678
3.76979
3.77086
3.77007
3.77064
3.76404
3.77055
3.77092
3.77093
3.76533
3.77089
3.77086
3.7703
3.76916
3.77093
3.77093
3.77086
3.77079
3.77052
3.77083
3.76807
3.76718
3.76391
3.77093
3.76646
3.76984
3.77094
3.77005
3.77087
3.77076
3.77073
3.76937
3.77077
3.77083
3.77085
3.77056
3.77041
3.77089
3.77082
3.76952
3.77077
3.76562
3.77083
3.76512
3.77066
3.77084
3.77058
3.77075
3.77076
3.76929
3.76957
3.76631
3.7688
3.76827
3.77022
3.7704
3.77091
3.77094
3.76603
3.76914
3.77052
3.7709
3.77093
3.7681
3.76969
3.76883
3.76495
3.77084
3.77008
3.76891
3.77019
3.76914
3.77092
3.76895
3.77078
3.77084
3.77013
3.7708
3.77081
3.76385
3.7676
3.76984
3.77089
3.77069
3.76993
3.77088
3.77006
3.77094
3.77044
3.76641
3.77091
3.77092
3.77016
3.76839
3.76884
3.77032
3.77079
3.77093
3.77079
3.77079
3.7687
3.77052
3.77029
3.77081
3.76821
3.77091
3.77078
3.77017
3.77091
3.77089
3.77078
3.76412
3.77052
3.77076
3.77051
3.77016
3.77089
3.76994
3.77015
3.7682
3.76928
3.76991
3.7709
3.77077
3.76396
3.76959
3.7709
3.77087
3.77076
3.77059
3.7709
3.77088
3.77088
3.77081
3.76706
3.77094
3.77089
3.76857
3.77094
3.77073
3.77024
3.7708
3.7703
3.76998
3.77087
3.76946
3.77089
3.77093
3.77047
3.77087
3.77093
3.7705
3.77076
3.77064
3.77045
3.77093
3.76811
3.77069
3.76821
3.76592
3.77083
3.77003
3.77049
3.77024
3.77084
3.76977
3.76419
3.77068
3.77077
3.77085
3.77092
3.76957
3.77063
3.77079
3.77094
3.76917
3.77057
3.77074
3.77033
3.77087
3.77088
3.77051
3.77038
3.77029
3.76992
3.77092
3.77083
3.76446
3.7708
3.77072
3.7705
3.76766
3.76608
3.77025
3.77076
3.77057
3.76846
3.77034
3.77046
3.77094
3.77056
3.77076
3.77076
3.76854
3.77035
3.77032
3.7697
3.76966
3.77069
3.76525
3.77088
3.77021
3.77074
3.77051
3.77094
3.77091
3.76978
3.77092
3.76827
3.77085
3.77061
3.77088
3.7698
3.76812
3.77086
3.77033
3.77092
3.77091
3.7709
3.76987
3.76877
3.77088
3.77033
3.77068
3.77077
3.77088
3.7708
3.77069
3.76982
3.77083
3.77094
3.77077
3.76964
3.77092
3.76997
3.76628
3.76765
3.7708
3.77003
3.77014
3.77002
3.7689
3.76837
3.76832
3.77058
3.76534
3.77076
3.77061
3.77023
3.77007
3.77065
3.76768
3.7708
3.77058
3.77054
3.76756
3.76605
3.77001
3.77093
3.77061
3.76792
3.77032
3.7702
3.77051
3.77055
3.77081
3.77034
3.77058
3.77068
3.77002
3.76992
3.77076
3.77008
3.77078
3.77052
3.76989
3.76758
3.77076
3.76854
3.77063
3.76814
3.76906
3.77003
3.7689
3.77079
3.76901
3.77093
3.77045
3.77076
3.77083
3.77086
3.77088
3.76919
3.76631
3.76825
3.77072
3.77074
3.76859
3.77075
3.77044
3.76833
3.77035
3.77092
3.77094
3.76908
3.77088
3.77038
3.77083
3.77064
3.77065
3.77065
3.7709
3.76763
3.76802
3.76568
3.77047
3.77093
3.76942
3.77017
3.77076
3.77039
3.77087
3.76525
3.76955
3.76986
3.7689
3.76629
3.77091
3.76781
3.77001
3.76977
3.77064
3.77008
3.77045
3.77009
3.76909
3.77087
3.7693
3.77007
3.77084
3.7709
3.7687
3.77025
3.77071
3.77086
3.77093
3.77087
3.77043
3.77078
3.77028
3.77041
3.77066
3.77082
3.77085
3.77067
3.77083
3.77036
3.77076
3.76391
3.76681
3.77043
3.77083
3.77031
3.77083
3.77084
3.77023
3.77086
3.77029
3.76773
3.76813
3.7707
3.76679
3.77089
3.77028
3.77079
3.77068
3.77025
3.76672
3.77039
3.76393
3.76514
3.7683
3.76968
3.77076
3.7703
3.77039
3.76747
3.77019
3.76972
3.77021
3.77068
3.76959
3.7703
3.76718
3.77075
3.76836
3.76623
3.77033
3.76951
3.77063
3.7709
3.76431
3.77049
3.76962
3.77087
3.76487
3.77089
3.76705
3.77079
3.77062
3.77076
3.77018
3.77024
3.7706
3.77077
3.76907
3.76836
3.76982
3.77091
3.76925
3.77028
3.77072
3.77006
3.77089
3.76859
3.77053
3.77075
3.77071
3.77089
3.76405
3.76911
3.77082
3.76958
3.76635
3.77074
3.77049
3.77086
3.77024
3.76899
3.77031
3.77033
3.77093
3.76692
3.77005
3.76751
3.77092
3.76929
3.77043
3.77012
3.77078
3.76456
3.77092
3.77081
3.77086
3.7709
3.77085
3.77034
3.77087
3.77048
3.77072
3.77003
3.77085
3.76963
3.77082
3.77057
3.77013
3.76523
3.77011
3.76533
3.77093
3.77066
3.77026
3.77083
3.76956
3.77091
3.76624
3.77071
3.7706
3.766
3.77081
3.76885
3.77082
3.77067
3.77089
3.7695
3.76998
3.77086
3.76998
3.7709
3.77083
3.77084
3.77093
3.77084
3.77001
3.77083
3.7708
3.77078
3.77054
3.77022
3.77091
3.77087
3.7704
3.77086
3.7698
3.77008
3.76908
3.77082
3.7708
3.77006
3.76632
3.76839
3.77007
3.77081
3.77082
3.77074
3.77093
3.7708
3.77075
3.7704
3.77005
3.77057
3.77081
3.76812
3.77055
3.77039
3.76872
3.77023
3.76528
3.76926
3.76478
3.76629
3.76995
3.77085
3.77087
3.77079
3.7703
3.77045
3.77059
3.77035
3.77053
3.77085
3.77049
3.77003
3.76871
3.76808
3.77079
3.76951
3.77078
3.77091
3.77011
3.77003
3.77021
3.76968
3.77012
3.77072
3.76858
3.7692
3.77077
3.76969
3.76417
3.77083
3.77088
3.77084
3.77091
3.76955
3.76845
3.7706
3.76879
3.77079
3.77092
3.77038
3.76654
3.77093
3.76987
3.77086
3.77068
3.77022
3.76702
3.77033
3.76894
3.76769
3.77092
3.77092
3.76922
3.77085
3.77017
3.77075
3.77
3.77033
3.77072
3.77005
3.77087
3.77086
3.77091
3.77025
3.77017
3.76889
3.76868
3.77067
3.77066
3.77091
3.76929
3.77063
3.77073
3.77018
3.76948
3.77051
3.77073
3.77071
3.7709
3.77037
3.76941
3.77062
3.76465
3.77002
3.77073
3.77091
3.76959
3.77081
3.76396
3.77084
3.77056
3.77094
3.77044
3.77052
3.77063
3.77084
3.76799
3.7642
3.7701
3.77066
3.76945
3.76443
3.77087
3.77045
3.7708
3.76919
3.77077
3.77052
3.77072
3.77085
3.77085
3.77091
3.77069
3.77075
3.77023
3.77062
3.76746
3.76955
3.76957
3.7702
3.77092
3.77073
3.7705
3.77002
3.77065
3.77046
3.7651
3.7667
3.77093
3.76989
3.76391
3.77091
3.77089
3.76451
3.7695
3.77091
3.77093
3.77067
3.77094
3.77083
3.77077
3.76593
3.76584
3.77058
3.77064
3.77008
3.76941
3.77077
3.76611
3.77094
3.77027
3.77064
3.77047
3.76894
3.77084
3.77069
3.76419
3.77047
3.77094
3.77093
3.7688
3.76979
3.76527
3.77057
3.76847
3.77078
3.77088
3.7688
3.76902
3.76997
3.7708
3.77065
3.77094
3.77061
3.77093
3.77029
3.77088
3.77084
3.7703
3.77093
3.77081
3.77083
3.76444
3.77041
3.77086
3.76981
3.7708
3.77092
3.77073
3.77087
3.77093
3.77028
3.77077
3.77032
3.77042
3.77093
3.77074
3.77092
3.77084
3.76945
3.76974
3.7709
3.77044
3.77092
3.77054
3.76444
3.77015
3.7708
3.77025
3.77085
3.77011
3.7706
3.7691
3.77056
3.76918
3.76392
3.77066
3.77016
3.77047
3.77087
3.77092
3.7704
3.77018
3.76715
3.76388
3.77094
3.77066
3.77065
3.76829
3.7673
3.77026
3.76466
3.77058
3.7702
3.77091
3.77084
3.76743
3.77037
3.77088
3.77074
3.77081
3.76934
3.76918
3.77034
3.77092
3.77089
3.77092
3.7708
3.77017
3.77089
3.77093
3.76943
3.77073
3.77039
3.77089
3.77067
3.77077
3.77019
3.77003
3.77067
3.77071
3.77006
3.7706
3.77086
3.77057
3.76829
3.77073
3.76388
3.77039
3.77078
3.76418
3.76811
3.76989
3.77072
3.77053
3.77081
3.77087
3.77092
3.76986
3.77075
3.7707
3.76957
3.77019
3.77003
3.77094
3.76963
3.77032
3.77066
3.77073
3.77091
3.77087
3.77016
3.76961
3.76593
3.77078
3.77085
3.76921
3.76973
3.7692
3.77085
3.77076
3.76852
3.77067
3.76866
3.77036
3.77068
3.76942
3.77082
3.77093
3.77062
3.76411
3.76726
3.76853
3.76749
3.7646
3.77077
3.77073
3.77092
3.76771
3.7701
3.77089
3.76949
3.76883
3.76963
3.77006
3.77089
3.76936
3.77082
3.7708
3.77039
3.76406
3.77069
3.76735
3.77072
3.77015
3.7707
3.7662
3.76466
3.77047
3.77052
3.76971
3.76999
3.77081
3.77082
3.77092
3.77076
3.77062
3.77052
3.77075
3.77091
3.77051
3.77055
3.77077
3.77033
3.77069
3.77075
3.7707
3.76983
3.76474
3.77028
3.77052
3.77093
3.76982
3.77024
3.7706
3.77071
3.76441
3.76975
3.77094
3.76834
3.77017
3.76411
3.76967
3.77029
3.77084
3.77081
3.77024
3.77077
3.76996
3.7653
3.77069
3.77091
3.77044
3.76812
3.77061
3.76545
3.7698
3.77083
3.77085
3.77026
3.77055
3.76837
3.77065
3.77092
3.77092
3.77031
3.77072
3.76863
3.76864
3.77059
3.77084
3.77084
3.77061
3.77037
3.76817
3.77085
3.76701
3.77088
3.7709
3.76671
3.76966
3.77094
3.77086
3.76965
3.77001
3.77032
3.77076
3.76956
3.7709
3.77067
3.77081
3.7708
3.76968
3.7704
3.77086
3.77094
3.77072
3.77077
3.77059
3.77069
3.76864
3.76484
3.77023
3.77013
3.76841
3.77045
3.76801
3.76978
3.77077
3.77064
3.77092
3.77084
3.77005
3.77086
3.76999
3.76992
3.77079
3.76408
3.77077
3.77089
3.76969
3.77074
3.76944
3.76789
3.76958
3.77073
3.77011
3.76856
3.77004
3.77052
3.77055
3.76906
3.77029
3.77086
3.77018
3.77072
3.77089
3.77066
3.76931
3.77065
3.77024
3.77065
3.76943
3.76516
3.77091
3.77059
3.76815
3.76959
3.76891
3.76524
3.77076
3.77015
3.76672
3.76818
3.77075
3.77069
3.77023
3.77006
3.76978
3.77094
3.77055
3.76968
3.77094
3.77062
3.76993
3.77093
3.77092
3.77081
3.77061
3.77022
3.77074
3.77013
3.77082
3.77013
3.76875
3.77091
3.77085
3.77036
3.7708
3.77085
3.77093
3.77084
3.77074
3.77043
3.76921
3.77056
3.77013
3.76698
3.77093
3.77085
3.77084
3.76984
3.7708
3.77055
3.77081
3.77094
3.77084
3.77092
3.77047
3.76979
3.76421
3.77045
3.77024
3.77091
3.76904
3.76994
3.76991
3.76984
3.77084
3.77087
3.77032
3.77083
3.77091
3.77027
3.7704
3.76594
3.77041
3.76593
3.76715
3.77075
3.77049
3.7707
3.77033
3.76998
3.77053
3.77072
3.77035
3.77008
3.77048
3.77054
3.7709
3.76971
3.77089
3.76405
3.77088
3.7641
3.77088
3.77055
3.77052
3.77069
3.76551
3.77084
3.76944
3.77055
3.77058
3.77092
3.77087
3.77078
3.77094
3.77091
3.76985
3.76987
3.77048
3.77023
3.77015
3.77074
3.76487
3.7685
3.77071
3.77009
3.764
3.77025
3.77003
3.7647
3.77077
3.7664
3.77045
3.77093
3.77008
3.76644
3.77015
3.7709
3.76876
3.76779
3.77014
3.77088
3.76972
3.76937
3.77091
3.76996
3.7709
3.77078
3.77067
3.77091
3.76924
3.77089
3.77088
3.76944
3.77067
3.77076
3.77056
3.76973
3.76897
3.77021
3.7701
3.77081
3.7704
3.77093
3.77075
3.77067
3.7639
3.76902
3.77069
3.77077
3.77071
3.77022
3.77094
3.77079
3.77088
3.77075
3.77064
3.77084
3.76898
3.77071
3.77081
3.77081
3.76986
3.77091
3.76537
3.77088
3.77057
3.77074
3.77086
3.77091
3.76413
3.76925
3.76676
3.7679
3.76948
3.7706
3.77091
3.77092
3.77017
3.77079
3.77086
3.77024
3.77055
3.77011
3.76967
3.77083
3.77074
3.7693
3.7709
3.77081
3.77043
3.77088
3.77014
3.77009
3.77041
3.76937
3.76755
3.77041
3.77088
3.77078
3.76966
3.77078
3.7708
3.77092
3.77094
3.76694
3.77012
3.77093
3.76932
3.77075
3.77064
3.76797
3.77043
3.77093
3.77092
3.77089
3.7709
3.77031
3.7693
3.76962
3.77056
3.77055
3.77051
3.77086
3.77089
3.7709
3.77077
3.76768
3.77094
3.77047
3.77056
3.77085
3.76976
3.7707
3.76953
3.77093
3.77012
3.77082
3.77078
3.77079
3.77007
3.77087
3.76613
3.77093
3.77079
3.76671
3.77084
3.77003
3.77078
3.77068
3.76785
3.76848
3.77059
3.77088
3.76676
3.77089
3.77074
3.77091
3.77046
3.76781
3.77073
3.76976
3.77078
3.7639
3.77086
3.77055
3.76952
3.77016
3.76779
3.76863
3.76768
3.77052
3.77089
3.77089
3.77094
3.7707
3.76922
3.77063
3.77088
3.7708
3.77057
3.7699
3.77068
3.77058
3.76998
3.77021
3.77071
3.77081
3.7705
3.77033
3.77086
3.77082
3.77069
3.77077
3.77073
3.77063
3.77087
3.77064
3.7702
3.76827
3.77046
3.7706
3.77049
3.77061
3.77029
3.76828
3.76976
3.77085
3.77066
3.76919
3.77001
3.77083
3.77093
3.76879
3.76776
3.77075
3.7683
3.77092
3.7701
3.77076
3.77085
3.77092
3.77085
3.77055
3.77023
3.77061
3.77047
3.76633
3.76981
3.77089
3.77007
3.77054
3.77092
3.77061
3.77074
3.76962
3.76961
3.76796
3.77021
3.77017
3.77061
3.7705
3.76971
3.7708
3.77047
3.7676
3.76804
3.76712
3.77091
3.77074
3.77057
3.77089
3.76974
3.77004
3.77067
3.76899
3.77037
3.77078
3.7704
3.77092
3.77094
3.76572
3.77011
3.77033
3.77089
3.76927
3.77039
3.76947
3.7648
3.77013
3.76938
3.76966
3.77073
3.77053
3.76399
3.77093
3.7709
3.77007
3.77082
3.77034
3.77045
3.77036
3.76699
3.76989
3.76528
3.77088
3.77089
3.76467
3.77057
3.77094
3.77076
3.77039
3.77088
3.76909
3.77046
3.76618
3.77071
3.77059
3.77068
3.77092
3.77088
3.77092
3.77067
3.7702
3.77052
3.77091
3.76647
3.76965
3.77063
3.77013
3.7707
3.77094
3.76843
3.77072
3.7708
3.76981
3.77086
3.77091
3.76926
3.77085
3.76911
3.77015
3.76789
3.76466
3.77093
3.77069
3.77089
3.77078
3.76577
3.77054
3.77071
3.77082
3.77092
3.77073
3.77092
3.77064
3.77085
3.77065
3.77076
3.7709
3.77086
3.76927
3.77092
3.7647
3.77013
3.76813
3.76418
3.77036
3.77084
3.77073
3.76949
3.77076
3.76692
3.77003
3.77006
3.76698
3.7701
3.77063
3.77084
3.76616
3.77091
3.7656
3.77071
3.76876
3.77043
3.77079
3.76911
3.77094
3.77014
3.77089
3.77024
3.77057
3.77078
3.77031
3.77059
3.77031
3.76947
3.76744
3.77003
3.77078
3.76557
3.7705
3.77091
3.77042
3.77084
3.77085
3.77052
3.77089
3.76946
